0.0000 710591
1.0000 709853
2.0000 708247
3.0000 710083
4.0000 710734
5.0000 709263
6.0000 708669
7.0000 710090
8.0000 709582
9.0000 709676
10.0000 709203
11.0000 709778
12.0000 710181
13.0000 708696
14.0000 710871
15.0000 709184
16.0000 708302
17.0000 709716
18.0000 709415
19.0000 709900
20.0000 710371
21.0000 710435
22.0000 709349
23.0000 708259
24.0000 709761
25.0000 709878
26.0000 710761
27.0000 709710
28.0000 709725
29.0000 708022
30.0000 710228
31.0000 710205
32.0000 709306
33.0000 711441
34.0000 709261
35.0000 709912
36.0000 709576
37.0000 710538
38.0000 711435
39.0000 710289
40.0000 709850
41.0000 710171
42.0000 709657
43.0000 709116
44.0000 710070
45.0000 708631
46.0000 709544
47.0000 710616
48.0000 711243
49.0000 709591
50.0000 709632
51.0000 709166
52.0000 710224
53.0000 710193
54.0000 710081
55.0000 710106
56.0000 711586
57.0000 708459
58.0000 710258
59.0000 709315
60.0000 709556
61.0000 710990
62.0000 711868
63.0000 710214
64.0000 710198
65.0000 710131
66.0000 710422
67.0000 710140
68.0000 709973
69.0000 711076
70.0000 710393
71.0000 710832
72.0000 711307
73.0000 709820
74.0000 708214
75.0000 710824
76.0000 710315
77.0000 711101
78.0000 710771
79.0000 712053
80.0000 710623
81.0000 711460
82.0000 711136
83.0000 711153
84.0000 710456
85.0000 711685
86.0000 713146
87.0000 711398
88.0000 710929
89.0000 710834
90.0000 710002
91.0000 710028
92.0000 709260
93.0000 710196
94.0000 710744
95.0000 709566
96.0000 709992
97.0000 711043
98.0000 710557
99.0000 711311
100.0000 709636
101.0000 710523
102.0000 711844
103.0000 709839
104.0000 711518
105.0000 710112
106.0000 711719
107.0000 710033
108.0000 710689
109.0000 712582
110.0000 710695
111.0000 709912
112.0000 711285
113.0000 710850
114.0000 710175
115.0000 710596
116.0000 711026
117.0000 709130
118.0000 711327
119.0000 709351
120.0000 710161
121.0000 711203
122.0000 710176
123.0000 709488
124.0000 710577
125.0000 712423
126.0000 709785
127.0000 710311
128.0000 710132
129.0000 710102
130.0000 710232
131.0000 710261
132.0000 708517
133.0000 710349
134.0000 710738
135.0000 709507
136.0000 710260
137.0000 709596
138.0000 710256
139.0000 709277
140.0000 710067
141.0000 710569
142.0000 710704
143.0000 711642
144.0000 711761
145.0000 710443
146.0000 711085
147.0000 711113
148.0000 711313
149.0000 710881
150.0000 709455
151.0000 711201
152.0000 711502
153.0000 710620
154.0000 709672
155.0000 708792
156.0000 710669
157.0000 710130
158.0000 711314
159.0000 710543
160.0000 710701
161.0000 711565
162.0000 711034
163.0000 710086
164.0000 710591
165.0000 709021
166.0000 711422
167.0000 710744
168.0000 710470
169.0000 709993
170.0000 711317
171.0000 710612
172.0000 710223
173.0000 708622
174.0000 709527
175.0000 710726
176.0000 710295
177.0000 710027
178.0000 711141
179.0000 712720
180.0000 710289
181.0000 711403
182.0000 710213
183.0000 710060
184.0000 711647
185.0000 710594
186.0000 711273
187.0000 709172
188.0000 711400
189.0000 710852
190.0000 708821
191.0000 709468
192.0000 710841
193.0000 709192
194.0000 708988
195.0000 708883
196.0000 709248
197.0000 710974
198.0000 709752
199.0000 709449
200.0000 709125
201.0000 710133
202.0000 709219
203.0000 708925
204.0000 710668
205.0000 710121
206.0000 708857
207.0000 710332
208.0000 709385
209.0000 710163
210.0000 709445
211.0000 709088
212.0000 709203
213.0000 711064
214.0000 709984
215.0000 709757
216.0000 710899
217.0000 708911
218.0000 710559
219.0000 712213
220.0000 710038
221.0000 709852
222.0000 710989
223.0000 710015
224.0000 708222
225.0000 709946
226.0000 707799
227.0000 709071
228.0000 709860
229.0000 709396
230.0000 708159
231.0000 709659
232.0000 710554
233.0000 710457
234.0000 710228
235.0000 707673
236.0000 710403
237.0000 708702
238.0000 709954
239.0000 709076
240.0000 709829
241.0000 708583
242.0000 710902
243.0000 708023
244.0000 709279
245.0000 708267
246.0000 709401
247.0000 708132
248.0000 708000
249.0000 709806
250.0000 708791
251.0000 709413
252.0000 710595
253.0000 710412
254.0000 708720
255.0000 708712
256.0000 709732
257.0000 709338
258.0000 707962
259.0000 708825
260.0000 709411
261.0000 708993
262.0000 707966
263.0000 710248
264.0000 707973
265.0000 708215
266.0000 709229
267.0000 707136
268.0000 708955
269.0000 709019
270.0000 708481
271.0000 707682
272.0000 708195
273.0000 709348
274.0000 708924
275.0000 709341
276.0000 708431
277.0000 707153
278.0000 707859
279.0000 707448
280.0000 709235
281.0000 708720
282.0000 709491
283.0000 707921
284.0000 709972
285.0000 709001
286.0000 708082
287.0000 710212
288.0000 707727
289.0000 711040
290.0000 709158
291.0000 708576
292.0000 708285
293.0000 708470
294.0000 709275
295.0000 709766
296.0000 707571
297.0000 708021
298.0000 709121
299.0000 707881
300.0000 708689
301.0000 707070
302.0000 707938
303.0000 708322
304.0000 707506
305.0000 707351
306.0000 709596
307.0000 708289
308.0000 708999
309.0000 708538
310.0000 708724
311.0000 708253
312.0000 707726
313.0000 709762
314.0000 708695
315.0000 708715
316.0000 707878
317.0000 708757
318.0000 708434
319.0000 708595
320.0000 708092
321.0000 707782
322.0000 708136
323.0000 708480
324.0000 708452
325.0000 707389
326.0000 708016
327.0000 708317
328.0000 708080
329.0000 707793
330.0000 708502
331.0000 708767
332.0000 706978
333.0000 709150
334.0000 707551
335.0000 708111
336.0000 707510
337.0000 706906
338.0000 708933
339.0000 707236
340.0000 708804
341.0000 706637
342.0000 708614
343.0000 707470
344.0000 706326
345.0000 707710
346.0000 708619
347.0000 707554
348.0000 706584
349.0000 706911
350.0000 707670
351.0000 707139
352.0000 709343
353.0000 708179
354.0000 708167
355.0000 708146
356.0000 708689
357.0000 707471
358.0000 706531
359.0000 708914
360.0000 707701
361.0000 707602
362.0000 708473
363.0000 708151
364.0000 707805
365.0000 708170
366.0000 709070
367.0000 708646
368.0000 708454
369.0000 707887
370.0000 706829
371.0000 707266
372.0000 707237
373.0000 708100
374.0000 706915
375.0000 706978
376.0000 708255
377.0000 707674
378.0000 708343
379.0000 707325
380.0000 707907
381.0000 707151
382.0000 708049
383.0000 707148
384.0000 706568
385.0000 706698
386.0000 707371
387.0000 706702
388.0000 707464
389.0000 706665
390.0000 708596
391.0000 708418
392.0000 708365
393.0000 707157
394.0000 708046
395.0000 707111
396.0000 709021
397.0000 706681
398.0000 707499
399.0000 708609
400.0000 706699
401.0000 708980
402.0000 706303
403.0000 707681
404.0000 707571
405.0000 707422
406.0000 706273
407.0000 708776
408.0000 706988
409.0000 707424
410.0000 707291
411.0000 707312
412.0000 707776
413.0000 706559
414.0000 708012
415.0000 707935
416.0000 706948
417.0000 707964
418.0000 708372
419.0000 708120
420.0000 708243
421.0000 708773
422.0000 708788
423.0000 708433
424.0000 708112
425.0000 707931
426.0000 708112
427.0000 709150
428.0000 707734
429.0000 708428
430.0000 708512
431.0000 708253
432.0000 706882
433.0000 707513
434.0000 709347
435.0000 707558
436.0000 707370
437.0000 709251
438.0000 707082
439.0000 707784
440.0000 707864
441.0000 707988
442.0000 708654
443.0000 707694
444.0000 708855
445.0000 708037
446.0000 707913
447.0000 708716
448.0000 707995
449.0000 708921
450.0000 707345
451.0000 708308
452.0000 707712
453.0000 707926
454.0000 706626
455.0000 707098
456.0000 707992
457.0000 708495
458.0000 707474
459.0000 707145
460.0000 709132
461.0000 707858
462.0000 708085
463.0000 708445
464.0000 709172
465.0000 709927
466.0000 708163
467.0000 708928
468.0000 708662
469.0000 707475
470.0000 707691
471.0000 707975
472.0000 706452
473.0000 709487
474.0000 708934
475.0000 707089
476.0000 708803
477.0000 709005
478.0000 707287
479.0000 709293
480.0000 707260
481.0000 706029
482.0000 707640
483.0000 708088
484.0000 708900
485.0000 707619
486.0000 708042
487.0000 707899
488.0000 709598
489.0000 709188
490.0000 708653
491.0000 709425
492.0000 707929
493.0000 709316
494.0000 707615
495.0000 709235
496.0000 706928
497.0000 709484
498.0000 708527
499.0000 708247
500.0000 707145
501.0000 709132
502.0000 708098
503.0000 708184
504.0000 709295
505.0000 708892
506.0000 708200
507.0000 707999
508.0000 708298
509.0000 710141
510.0000 709051
511.0000 618836
