0.0000 938510
1.0000 936697
2.0000 937959
3.0000 937438
4.0000 938038
5.0000 940096
6.0000 940078
7.0000 939995
8.0000 937320
9.0000 938826
10.0000 940290
11.0000 939219
12.0000 938274
13.0000 938838
14.0000 939104
15.0000 938707
16.0000 938538
17.0000 938378
18.0000 940055
19.0000 939571
20.0000 940078
21.0000 937830
22.0000 938846
23.0000 940447
24.0000 941087
25.0000 939638
26.0000 937985
27.0000 938505
28.0000 938009
29.0000 937501
30.0000 940831
31.0000 938957
32.0000 939266
33.0000 938207
34.0000 939330
35.0000 940352
36.0000 941501
37.0000 939891
38.0000 939804
39.0000 938601
40.0000 940064
41.0000 940582
42.0000 938556
43.0000 941275
44.0000 939716
45.0000 941153
46.0000 940916
47.0000 939356
48.0000 939815
49.0000 940559
50.0000 940488
51.0000 941021
52.0000 940132
53.0000 939980
54.0000 941643
55.0000 940941
56.0000 940015
57.0000 941694
58.0000 939994
59.0000 940949
60.0000 939486
61.0000 941340
62.0000 939795
63.0000 942053
64.0000 942054
65.0000 938342
66.0000 939144
67.0000 939652
68.0000 941357
69.0000 941067
70.0000 939719
71.0000 939947
72.0000 940284
73.0000 940225
74.0000 940803
75.0000 940480
76.0000 941252
77.0000 939977
78.0000 942067
79.0000 942582
80.0000 940361
81.0000 940217
82.0000 941124
83.0000 939383
84.0000 938827
85.0000 942694
86.0000 939829
87.0000 942449
88.0000 941161
89.0000 940319
90.0000 939756
91.0000 940192
92.0000 938699
93.0000 939625
94.0000 939111
95.0000 939803
96.0000 940477
97.0000 941422
98.0000 939324
99.0000 937337
100.0000 934250
101.0000 935365
102.0000 927672
103.0000 914460
104.0000 900552
105.0000 903804
106.0000 921075
107.0000 929713
108.0000 935628
109.0000 937771
110.0000 937324
111.0000 938982
112.0000 939304
113.0000 940811
114.0000 939662
115.0000 940034
116.0000 938045
117.0000 939647
118.0000 940439
119.0000 938613
120.0000 935933
121.0000 934001
122.0000 931747
123.0000 925188
124.0000 910428
125.0000 897935
126.0000 906311
127.0000 921793
128.0000 930980
129.0000 934982
130.0000 936990
131.0000 936771
132.0000 939502
133.0000 938950
134.0000 939454
135.0000 939550
136.0000 938352
137.0000 940990
138.0000 939193
139.0000 940468
140.0000 941410
141.0000 940928
142.0000 942383
143.0000 943105
144.0000 939037
145.0000 941992
146.0000 940928
147.0000 939010
148.0000 940672
149.0000 940681
150.0000 939992
151.0000 940769
152.0000 940635
153.0000 940560
154.0000 941637
155.0000 941677
156.0000 941407
157.0000 940939
158.0000 941207
159.0000 941030
160.0000 940639
161.0000 940655
162.0000 940998
163.0000 943220
164.0000 939856
165.0000 942472
166.0000 941456
167.0000 940060
168.0000 940879
169.0000 942004
170.0000 940103
171.0000 940547
172.0000 940356
173.0000 939388
174.0000 939844
175.0000 940043
176.0000 938785
177.0000 939684
178.0000 939693
179.0000 941074
180.0000 940673
181.0000 941630
182.0000 939191
183.0000 939957
184.0000 940590
185.0000 939354
186.0000 939354
187.0000 940463
188.0000 939957
189.0000 940308
190.0000 941460
191.0000 939896
192.0000 940584
193.0000 940956
194.0000 940571
195.0000 940573
196.0000 938816
197.0000 939404
198.0000 939727
199.0000 938468
200.0000 940859
201.0000 941836
202.0000 939802
203.0000 939946
204.0000 939400
205.0000 939766
206.0000 939700
207.0000 941243
208.0000 938029
209.0000 939360
210.0000 938848
211.0000 939889
212.0000 939123
213.0000 941139
214.0000 938652
215.0000 940467
216.0000 939840
217.0000 940108
218.0000 939983
219.0000 940230
220.0000 939487
221.0000 941596
222.0000 939084
223.0000 939575
224.0000 938952
225.0000 938736
226.0000 938125
227.0000 940664
228.0000 938915
229.0000 940581
230.0000 938219
231.0000 938138
232.0000 938636
233.0000 939436
234.0000 940629
235.0000 939289
236.0000 939271
237.0000 938925
238.0000 940015
239.0000 940664
240.0000 938026
241.0000 937501
242.0000 940831
243.0000 939508
244.0000 938541
245.0000 939318
246.0000 939758
247.0000 938003
248.0000 937310
249.0000 936931
250.0000 940266
251.0000 939242
252.0000 939479
253.0000 937403
254.0000 936715
255.0000 937269
256.0000 938565
257.0000 936827
258.0000 939081
259.0000 937721
260.0000 938759
261.0000 937588
262.0000 938555
263.0000 940056
264.0000 938879
265.0000 938827
266.0000 937042
267.0000 939103
268.0000 939431
269.0000 937404
270.0000 937432
271.0000 938915
272.0000 938155
273.0000 936751
274.0000 936271
275.0000 938383
276.0000 938166
277.0000 938182
278.0000 937315
279.0000 935790
280.0000 937518
281.0000 937463
282.0000 937548
283.0000 940034
284.0000 937185
285.0000 936184
286.0000 939165
287.0000 936990
288.0000 938095
289.0000 936767
290.0000 938361
291.0000 937730
292.0000 939543
293.0000 937064
294.0000 937317
295.0000 937008
296.0000 936343
297.0000 937265
298.0000 937780
299.0000 938207
300.0000 936488
301.0000 937070
302.0000 938676
303.0000 936876
304.0000 937330
305.0000 937500
306.0000 938084
307.0000 938285
308.0000 938636
309.0000 937162
310.0000 939268
311.0000 935990
312.0000 937389
313.0000 937996
314.0000 937048
315.0000 938130
316.0000 936413
317.0000 936344
318.0000 939297
319.0000 937440
320.0000 937629
321.0000 937403
322.0000 936388
323.0000 939013
324.0000 936453
325.0000 937899
326.0000 936771
327.0000 939292
328.0000 938042
329.0000 936490
330.0000 938506
331.0000 936277
332.0000 937770
333.0000 938083
334.0000 936718
335.0000 937224
336.0000 938535
337.0000 938368
338.0000 938781
339.0000 937790
340.0000 935730
341.0000 936402
342.0000 938026
343.0000 937972
344.0000 938142
345.0000 936423
346.0000 935236
347.0000 937802
348.0000 935138
349.0000 935028
350.0000 936024
351.0000 936703
352.0000 937545
353.0000 936857
354.0000 935740
355.0000 937690
356.0000 937806
357.0000 937501
358.0000 935747
359.0000 936543
360.0000 935625
361.0000 937375
362.0000 937365
363.0000 937122
364.0000 936570
365.0000 937275
366.0000 937136
367.0000 936972
368.0000 935513
369.0000 936200
370.0000 936214
371.0000 936108
372.0000 936868
373.0000 936478
374.0000 937067
375.0000 936174
376.0000 936267
377.0000 935787
378.0000 936221
379.0000 936380
380.0000 933500
381.0000 933671
382.0000 934042
383.0000 932264
384.0000 928592
385.0000 925880
386.0000 913468
387.0000 896271
388.0000 898394
389.0000 915685
390.0000 925958
391.0000 930351
392.0000 932142
393.0000 933497
394.0000 933633
395.0000 934888
396.0000 935803
397.0000 935967
398.0000 935403
399.0000 937213
400.0000 935830
401.0000 935762
402.0000 933638
403.0000 932913
404.0000 930714
405.0000 928173
406.0000 920648
407.0000 903542
408.0000 896904
409.0000 908308
410.0000 921008
411.0000 929436
412.0000 932126
413.0000 935186
414.0000 935496
415.0000 934058
416.0000 936298
417.0000 937408
418.0000 936708
419.0000 935697
420.0000 937008
421.0000 935654
422.0000 937341
423.0000 936930
424.0000 935054
425.0000 936610
426.0000 937157
427.0000 936443
428.0000 937759
429.0000 938019
430.0000 938203
431.0000 937204
432.0000 936728
433.0000 935912
434.0000 937467
435.0000 938237
436.0000 938633
437.0000 936494
438.0000 938843
439.0000 936408
440.0000 937281
441.0000 938361
442.0000 936486
443.0000 936789
444.0000 937393
445.0000 937566
446.0000 936559
447.0000 937633
448.0000 939527
449.0000 938184
450.0000 937348
451.0000 938518
452.0000 937287
453.0000 936413
454.0000 937932
455.0000 937679
456.0000 939004
457.0000 935338
458.0000 937136
459.0000 935467
460.0000 937896
461.0000 937664
462.0000 937841
463.0000 937958
464.0000 937781
465.0000 937474
466.0000 939196
467.0000 937466
468.0000 938885
469.0000 937183
470.0000 936260
471.0000 937693
472.0000 938802
473.0000 937376
474.0000 937594
475.0000 938822
476.0000 937962
477.0000 936470
478.0000 937322
479.0000 936450
480.0000 937574
481.0000 936802
482.0000 935745
483.0000 937290
484.0000 938954
485.0000 937705
486.0000 938308
487.0000 936893
488.0000 937682
489.0000 937595
490.0000 938692
491.0000 937425
492.0000 937994
493.0000 937777
494.0000 937515
495.0000 939264
496.0000 938504
497.0000 939714
498.0000 939758
499.0000 938708
500.0000 937585
501.0000 938338
502.0000 937169
503.0000 939491
504.0000 937828
505.0000 937943
506.0000 938834
507.0000 939633
508.0000 938993
509.0000 938183
510.0000 937089
511.0000 821616
