0.0000 1326426
1.0000 1323042
2.0000 1325300
3.0000 1325285
4.0000 1323133
5.0000 1323152
6.0000 1323060
7.0000 1324042
8.0000 1322144
9.0000 1323824
10.0000 1322288
11.0000 1324200
12.0000 1323639
13.0000 1322912
14.0000 1324952
15.0000 1324617
16.0000 1324355
17.0000 1322962
18.0000 1322929
19.0000 1327239
20.0000 1322974
21.0000 1323429
22.0000 1322948
23.0000 1324157
24.0000 1324611
25.0000 1322727
26.0000 1323246
27.0000 1325220
28.0000 1325144
29.0000 1322344
30.0000 1323322
31.0000 1323988
32.0000 1326395
33.0000 1325157
34.0000 1324837
35.0000 1324236
36.0000 1321747
37.0000 1323758
38.0000 1322384
39.0000 1322203
40.0000 1324153
41.0000 1322715
42.0000 1322678
43.0000 1323865
44.0000 1321182
45.0000 1315266
46.0000 1310368
47.0000 1310855
48.0000 1313072
49.0000 1316688
50.0000 1320372
51.0000 1320766
52.0000 1320556
53.0000 1323870
54.0000 1323298
55.0000 1320272
56.0000 1324265
57.0000 1323096
58.0000 1321974
59.0000 1324030
60.0000 1323181
61.0000 1323852
62.0000 1323859
63.0000 1323532
64.0000 1324744
65.0000 1324333
66.0000 1323476
67.0000 1325258
68.0000 1324970
69.0000 1323642
70.0000 1324878
71.0000 1324425
72.0000 1324208
73.0000 1325195
74.0000 1322400
75.0000 1323324
76.0000 1322706
77.0000 1320151
78.0000 1316179
79.0000 1312369
80.0000 1316734
81.0000 1318795
82.0000 1320674
83.0000 1322480
84.0000 1323072
85.0000 1323760
86.0000 1322056
87.0000 1322265
88.0000 1322807
89.0000 1325648
90.0000 1324710
91.0000 1325606
92.0000 1324118
93.0000 1324476
94.0000 1323236
95.0000 1324933
96.0000 1324010
97.0000 1323454
98.0000 1323374
99.0000 1324288
100.0000 1324915
101.0000 1325893
102.0000 1322013
103.0000 1320909
104.0000 1323074
105.0000 1321146
106.0000 1321938
107.0000 1324586
108.0000 1322605
109.0000 1320001
110.0000 1317583
111.0000 1313514
112.0000 1314860
113.0000 1315043
114.0000 1317249
115.0000 1314531
116.0000 1310607
117.0000 1304542
118.0000 1293286
119.0000 1268997
120.0000 1249582
121.0000 1239053
122.0000 1257121
123.0000 1273834
124.0000 1282083
125.0000 1283634
126.0000 1271718
127.0000 1253538
128.0000 1240543
129.0000 1258612
130.0000 1281140
131.0000 1299881
132.0000 1304924
133.0000 1311685
134.0000 1314802
135.0000 1313816
136.0000 1313306
137.0000 1315562
138.0000 1321253
139.0000 1321140
140.0000 1323722
141.0000 1322960
142.0000 1323655
143.0000 1324192
144.0000 1325927
145.0000 1321904
146.0000 1325338
147.0000 1324959
148.0000 1324084
149.0000 1323633
150.0000 1326178
151.0000 1324120
152.0000 1324743
153.0000 1325486
154.0000 1324458
155.0000 1324238
156.0000 1323984
157.0000 1325725
158.0000 1322699
159.0000 1324680
160.0000 1323163
161.0000 1324538
162.0000 1322182
163.0000 1326757
164.0000 1319128
165.0000 1321564
166.0000 1320730
167.0000 1320596
168.0000 1312508
169.0000 1312273
170.0000 1316579
171.0000 1321646
172.0000 1322932
173.0000 1323372
174.0000 1324948
175.0000 1324247
176.0000 1325233
177.0000 1325551
178.0000 1324074
179.0000 1321870
180.0000 1325904
181.0000 1323764
182.0000 1325177
183.0000 1326202
184.0000 1324862
185.0000 1323654
186.0000 1323810
187.0000 1323891
188.0000 1324206
189.0000 1324132
190.0000 1325271
191.0000 1323108
192.0000 1325069
193.0000 1322728
194.0000 1322927
195.0000 1322680
196.0000 1322010
197.0000 1322093
198.0000 1319010
199.0000 1316843
200.0000 1315551
201.0000 1308366
202.0000 1309989
203.0000 1313441
204.0000 1318840
205.0000 1322562
206.0000 1322958
207.0000 1323828
208.0000 1321663
209.0000 1325375
210.0000 1326055
211.0000 1324665
212.0000 1325569
213.0000 1323210
214.0000 1323391
215.0000 1324704
216.0000 1325218
217.0000 1323303
218.0000 1324552
219.0000 1324615
220.0000 1325124
221.0000 1325044
222.0000 1326087
223.0000 1325569
224.0000 1324159
225.0000 1326052
226.0000 1324354
227.0000 1324739
228.0000 1324229
229.0000 1322953
230.0000 1326135
231.0000 1321142
232.0000 1325172
233.0000 1322568
234.0000 1323749
235.0000 1324332
236.0000 1322802
237.0000 1325416
238.0000 1324188
239.0000 1324514
240.0000 1323705
241.0000 1323626
242.0000 1323059
243.0000 1321116
244.0000 1323828
245.0000 1323060
246.0000 1323180
247.0000 1323354
248.0000 1323706
249.0000 1323492
250.0000 1323071
251.0000 1320291
252.0000 1322629
253.0000 1323381
254.0000 1320717
255.0000 1324197
256.0000 1321671
257.0000 1321825
258.0000 1323441
259.0000 1321740
260.0000 1324332
261.0000 1322863
262.0000 1322744
263.0000 1323378
264.0000 1322952
265.0000 1322939
266.0000 1321756
267.0000 1322519
268.0000 1321444
269.0000 1323680
270.0000 1322938
271.0000 1324878
272.0000 1323363
273.0000 1318891
274.0000 1321835
275.0000 1321047
276.0000 1322326
277.0000 1321177
278.0000 1323365
279.0000 1321193
280.0000 1323554
281.0000 1321901
282.0000 1322730
283.0000 1322045
284.0000 1322608
285.0000 1319795
286.0000 1322473
287.0000 1319771
288.0000 1323290
289.0000 1321652
290.0000 1320982
291.0000 1319623
292.0000 1322218
293.0000 1322018
294.0000 1323640
295.0000 1322167
296.0000 1321193
297.0000 1319821
298.0000 1322618
299.0000 1322322
300.0000 1322124
301.0000 1319422
302.0000 1321455
303.0000 1321434
304.0000 1321927
305.0000 1321051
306.0000 1321210
307.0000 1321651
308.0000 1320274
309.0000 1316081
310.0000 1313356
311.0000 1307026
312.0000 1304568
313.0000 1311292
314.0000 1313676
315.0000 1316640
316.0000 1317262
317.0000 1317624
318.0000 1318750
319.0000 1318330
320.0000 1318572
321.0000 1318960
322.0000 1321405
323.0000 1320069
324.0000 1321162
325.0000 1317940
326.0000 1320276
327.0000 1318374
328.0000 1321170
329.0000 1320918
330.0000 1321883
331.0000 1318782
332.0000 1319937
333.0000 1321430
334.0000 1320167
335.0000 1319119
336.0000 1318464
337.0000 1318453
338.0000 1318755
339.0000 1319266
340.0000 1318827
341.0000 1316786
342.0000 1313479
343.0000 1308932
344.0000 1308760
345.0000 1312158
346.0000 1318167
347.0000 1315138
348.0000 1317878
349.0000 1319166
350.0000 1319271
351.0000 1319201
352.0000 1319671
353.0000 1318284
354.0000 1319820
355.0000 1317834
356.0000 1318623
357.0000 1320434
358.0000 1318492
359.0000 1319421
360.0000 1319604
361.0000 1320854
362.0000 1320127
363.0000 1320510
364.0000 1316228
365.0000 1321035
366.0000 1320125
367.0000 1320427
368.0000 1316587
369.0000 1316796
370.0000 1316497
371.0000 1317926
372.0000 1316395
373.0000 1316528
374.0000 1315542
375.0000 1312304
376.0000 1307978
377.0000 1306122
378.0000 1309129
379.0000 1304682
380.0000 1301195
381.0000 1297101
382.0000 1284342
383.0000 1263264
384.0000 1237465
385.0000 1238985
386.0000 1260161
387.0000 1273194
388.0000 1279330
389.0000 1272158
390.0000 1258991
391.0000 1240050
392.0000 1237530
393.0000 1258108
394.0000 1279413
395.0000 1296972
396.0000 1304159
397.0000 1307395
398.0000 1311379
399.0000 1310123
400.0000 1308504
401.0000 1308351
402.0000 1312726
403.0000 1315904
404.0000 1315947
405.0000 1317788
406.0000 1317518
407.0000 1319030
408.0000 1319291
409.0000 1317728
410.0000 1318588
411.0000 1318153
412.0000 1318819
413.0000 1318121
414.0000 1320110
415.0000 1319238
416.0000 1320454
417.0000 1319298
418.0000 1319187
419.0000 1319430
420.0000 1318257
421.0000 1321346
422.0000 1319148
423.0000 1319366
424.0000 1319787
425.0000 1320217
426.0000 1318478
427.0000 1319084
428.0000 1320960
429.0000 1318289
430.0000 1317810
431.0000 1317300
432.0000 1311427
433.0000 1308852
434.0000 1309139
435.0000 1313277
436.0000 1318477
437.0000 1318079
438.0000 1319896
439.0000 1318521
440.0000 1320924
441.0000 1320152
442.0000 1321398
443.0000 1321017
444.0000 1318270
445.0000 1319285
446.0000 1321972
447.0000 1321779
448.0000 1319691
449.0000 1320414
450.0000 1318959
451.0000 1321647
452.0000 1319487
453.0000 1320329
454.0000 1320730
455.0000 1319213
456.0000 1319623
457.0000 1320239
458.0000 1319097
459.0000 1320732
460.0000 1317436
461.0000 1318331
462.0000 1316142
463.0000 1317040
464.0000 1312671
465.0000 1311923
466.0000 1305103
467.0000 1308200
468.0000 1310386
469.0000 1316108
470.0000 1317019
471.0000 1319596
472.0000 1320067
473.0000 1320750
474.0000 1319048
475.0000 1319785
476.0000 1320383
477.0000 1319911
478.0000 1322254
479.0000 1322048
480.0000 1321777
481.0000 1323568
482.0000 1321759
483.0000 1320701
484.0000 1323053
485.0000 1321672
486.0000 1322387
487.0000 1320716
488.0000 1323195
489.0000 1321541
490.0000 1323449
491.0000 1323384
492.0000 1322347
493.0000 1323180
494.0000 1322886
495.0000 1321305
496.0000 1322415
497.0000 1323385
498.0000 1323983
499.0000 1322645
500.0000 1320722
501.0000 1322488
502.0000 1323106
503.0000 1322025
504.0000 1324173
505.0000 1322037
506.0000 1324949
507.0000 1323157
508.0000 1322286
509.0000 1323036
510.0000 1322569
511.0000 1157778
