0.0000 2432141
1.0000 2432087
2.0000 2429878
3.0000 2432308
4.0000 2430982
5.0000 2434610
6.0000 2430335
7.0000 2429117
8.0000 2431582
9.0000 2430048
10.0000 2433876
11.0000 2429296
12.0000 2431697
13.0000 2428599
14.0000 2433269
15.0000 2429752
16.0000 2432213
17.0000 2430880
18.0000 2427973
19.0000 2429953
20.0000 2427293
21.0000 2430133
22.0000 2424223
23.0000 2424980
24.0000 2420200
25.0000 2415217
26.0000 2398956
27.0000 2365032
28.0000 2322891
29.0000 2298875
30.0000 2333847
31.0000 2377559
32.0000 2404331
33.0000 2415058
34.0000 2421116
35.0000 2426658
36.0000 2427356
37.0000 2430005
38.0000 2430495
39.0000 2430883
40.0000 2429961
41.0000 2431816
42.0000 2429070
43.0000 2431470
44.0000 2434377
45.0000 2431781
46.0000 2433824
47.0000 2434551
48.0000 2433856
49.0000 2434026
50.0000 2432082
51.0000 2435013
52.0000 2432240
53.0000 2435688
54.0000 2433914
55.0000 2433462
56.0000 2434119
57.0000 2432480
58.0000 2432969
59.0000 2429931
60.0000 2431753
61.0000 2428449
62.0000 2424600
63.0000 2418444
64.0000 2403423
65.0000 2374479
66.0000 2338158
67.0000 2344784
68.0000 2384216
69.0000 2406825
70.0000 2418336
71.0000 2427530
72.0000 2429153
73.0000 2431384
74.0000 2434757
75.0000 2429612
76.0000 2432210
77.0000 2435860
78.0000 2435094
79.0000 2435626
80.0000 2433348
81.0000 2432444
82.0000 2437664
83.0000 2435299
84.0000 2436338
85.0000 2437062
86.0000 2439459
87.0000 2438067
88.0000 2435675
89.0000 2433278
90.0000 2436504
91.0000 2436583
92.0000 2434712
93.0000 2437051
94.0000 2434371
95.0000 2436825
96.0000 2434694
97.0000 2436709
98.0000 2435949
99.0000 2436197
100.0000 2437068
101.0000 2435199
102.0000 2436558
103.0000 2432420
104.0000 2427726
105.0000 2426266
106.0000 2416556
107.0000 2401796
108.0000 2379332
109.0000 2389707
110.0000 2411774
111.0000 2422685
112.0000 2429550
113.0000 2430107
114.0000 2434133
115.0000 2434232
116.0000 2436032
117.0000 2433863
118.0000 2434711
119.0000 2438217
120.0000 2436175
121.0000 2435356
122.0000 2437970
123.0000 2435512
124.0000 2436085
125.0000 2433337
126.0000 2435708
127.0000 2436273
128.0000 2437854
129.0000 2437356
130.0000 2432323
131.0000 2433164
132.0000 2433111
133.0000 2431589
134.0000 2433241
135.0000 2431913
136.0000 2428288
137.0000 2417485
138.0000 2399547
139.0000 2379577
140.0000 2390140
141.0000 2412466
142.0000 2423020
143.0000 2426580
144.0000 2430402
145.0000 2434360
146.0000 2436021
147.0000 2434913
148.0000 2435084
149.0000 2431884
150.0000 2436915
151.0000 2432358
152.0000 2435728
153.0000 2437462
154.0000 2438160
155.0000 2436599
156.0000 2437497
157.0000 2437934
158.0000 2434641
159.0000 2435749
160.0000 2436155
161.0000 2434338
162.0000 2435220
163.0000 2435549
164.0000 2436741
165.0000 2436529
166.0000 2434804
167.0000 2433129
168.0000 2436312
169.0000 2435201
170.0000 2434538
171.0000 2433023
172.0000 2432318
173.0000 2431377
174.0000 2432075
175.0000 2432068
176.0000 2426006
177.0000 2421711
178.0000 2414011
179.0000 2394827
180.0000 2362181
181.0000 2332134
182.0000 2359029
183.0000 2397462
184.0000 2414197
185.0000 2424434
186.0000 2426868
187.0000 2429157
188.0000 2429484
189.0000 2432538
190.0000 2431130
191.0000 2435106
192.0000 2435174
193.0000 2429960
194.0000 2434831
195.0000 2434273
196.0000 2436394
197.0000 2434918
198.0000 2434838
199.0000 2433337
200.0000 2431085
201.0000 2435460
202.0000 2434449
203.0000 2432849
204.0000 2433296
205.0000 2431316
206.0000 2432354
207.0000 2433084
208.0000 2430866
209.0000 2433388
210.0000 2431841
211.0000 2432742
212.0000 2430397
213.0000 2429871
214.0000 2430435
215.0000 2429895
216.0000 2431270
217.0000 2428978
218.0000 2427261
219.0000 2425075
220.0000 2422293
221.0000 2419224
222.0000 2407994
223.0000 2397291
224.0000 2365787
225.0000 2316185
226.0000 2297296
227.0000 2331696
228.0000 2375339
229.0000 2405882
230.0000 2413426
231.0000 2423329
232.0000 2425035
233.0000 2425563
234.0000 2428143
235.0000 2427366
236.0000 2428628
237.0000 2428887
238.0000 2430939
239.0000 2429241
240.0000 2431716
241.0000 2434381
242.0000 2430427
243.0000 2428123
244.0000 2426868
245.0000 2429533
246.0000 2429650
247.0000 2428982
248.0000 2430577
249.0000 2430327
250.0000 2431396
251.0000 2432479
252.0000 2429873
253.0000 2429261
254.0000 2429203
255.0000 2430508
256.0000 2428759
257.0000 2428104
258.0000 2430157
259.0000 2430796
260.0000 2429549
261.0000 2426751
262.0000 2429525
263.0000 2427541
264.0000 2427987
265.0000 2430021
266.0000 2430112
267.0000 2426200
268.0000 2425852
269.0000 2426114
270.0000 2430297
271.0000 2426788
272.0000 2428844
273.0000 2427161
274.0000 2427593
275.0000 2429672
276.0000 2427268
277.0000 2426552
278.0000 2427629
279.0000 2426767
280.0000 2421876
281.0000 2422447
282.0000 2423590
283.0000 2415332
284.0000 2413627
285.0000 2407982
286.0000 2387400
287.0000 2350002
288.0000 2303935
289.0000 2301133
290.0000 2345867
291.0000 2382140
292.0000 2404055
293.0000 2410701
294.0000 2414862
295.0000 2419214
296.0000 2419830
297.0000 2422413
298.0000 2424558
299.0000 2424618
300.0000 2424439
301.0000 2424489
302.0000 2425876
303.0000 2424399
304.0000 2426514
305.0000 2425256
306.0000 2426095
307.0000 2426760
308.0000 2425457
309.0000 2423989
310.0000 2425366
311.0000 2430510
312.0000 2429706
313.0000 2426660
314.0000 2427155
315.0000 2425172
316.0000 2424466
317.0000 2426870
318.0000 2427578
319.0000 2424394
320.0000 2426250
321.0000 2426435
322.0000 2425117
323.0000 2422654
324.0000 2422905
325.0000 2422450
326.0000 2418778
327.0000 2415023
328.0000 2411157
329.0000 2397901
330.0000 2363372
331.0000 2327134
332.0000 2338081
333.0000 2379564
334.0000 2400107
335.0000 2410885
336.0000 2417297
337.0000 2416245
338.0000 2419978
339.0000 2422394
340.0000 2424543
341.0000 2422411
342.0000 2422410
343.0000 2424601
344.0000 2421557
345.0000 2422288
346.0000 2426076
347.0000 2425178
348.0000 2426160
349.0000 2425063
350.0000 2423617
351.0000 2425703
352.0000 2425423
353.0000 2425758
354.0000 2426092
355.0000 2427047
356.0000 2425007
357.0000 2425242
358.0000 2427236
359.0000 2426696
360.0000 2425455
361.0000 2425004
362.0000 2425972
363.0000 2425305
364.0000 2422926
365.0000 2423939
366.0000 2425554
367.0000 2422608
368.0000 2421886
369.0000 2418453
370.0000 2417371
371.0000 2406930
372.0000 2387728
373.0000 2367792
374.0000 2380667
375.0000 2403736
376.0000 2415045
377.0000 2420232
378.0000 2420192
379.0000 2420557
380.0000 2422690
381.0000 2421793
382.0000 2423816
383.0000 2425835
384.0000 2425441
385.0000 2423753
386.0000 2421894
387.0000 2422224
388.0000 2424917
389.0000 2424296
390.0000 2424024
391.0000 2425145
392.0000 2426593
393.0000 2425190
394.0000 2424782
395.0000 2424059
396.0000 2421244
397.0000 2422944
398.0000 2421086
399.0000 2422793
400.0000 2418840
401.0000 2416221
402.0000 2406535
403.0000 2384016
404.0000 2367736
405.0000 2379260
406.0000 2402952
407.0000 2413057
408.0000 2420483
409.0000 2419969
410.0000 2419840
411.0000 2423816
412.0000 2424153
413.0000 2425806
414.0000 2426500
415.0000 2425711
416.0000 2424495
417.0000 2427072
418.0000 2426592
419.0000 2426125
420.0000 2425817
421.0000 2426972
422.0000 2426112
423.0000 2427822
424.0000 2425323
425.0000 2425098
426.0000 2424951
427.0000 2427471
428.0000 2429686
429.0000 2427479
430.0000 2428030
431.0000 2425781
432.0000 2427315
433.0000 2423707
434.0000 2426459
435.0000 2424379
436.0000 2425091
437.0000 2424710
438.0000 2423575
439.0000 2420040
440.0000 2419460
441.0000 2416340
442.0000 2412900
443.0000 2401046
444.0000 2382573
445.0000 2349237
446.0000 2323491
447.0000 2353608
448.0000 2387583
449.0000 2407504
450.0000 2413746
451.0000 2418758
452.0000 2420851
453.0000 2423931
454.0000 2425957
455.0000 2426811
456.0000 2425838
457.0000 2426070
458.0000 2427879
459.0000 2425308
460.0000 2423554
461.0000 2425591
462.0000 2427539
463.0000 2423952
464.0000 2426275
465.0000 2426814
466.0000 2425590
467.0000 2427546
468.0000 2428533
469.0000 2430505
470.0000 2426783
471.0000 2425478
472.0000 2427571
473.0000 2427369
474.0000 2422286
475.0000 2425282
476.0000 2424194
477.0000 2423503
478.0000 2426207
479.0000 2419203
480.0000 2418336
481.0000 2410402
482.0000 2406905
483.0000 2389514
484.0000 2351895
485.0000 2308821
486.0000 2293766
487.0000 2337020
488.0000 2375753
489.0000 2400184
490.0000 2412350
491.0000 2418751
492.0000 2423142
493.0000 2423882
494.0000 2425256
495.0000 2427309
496.0000 2426333
497.0000 2427705
498.0000 2427664
499.0000 2428187
500.0000 2426189
501.0000 2428604
502.0000 2430616
503.0000 2430495
504.0000 2430754
505.0000 2429998
506.0000 2431488
507.0000 2428605
508.0000 2428728
509.0000 2431100
510.0000 2430243
511.0000 2128573
