0.0000 31690
1.0000 31843
2.0000 31824
3.0000 31845
4.0000 31634
5.0000 31432
6.0000 31420
7.0000 31814
8.0000 31404
9.0000 31779
10.0000 31820
11.0000 31708
12.0000 31464
13.0000 31268
14.0000 31405
15.0000 31595
16.0000 31528
17.0000 31521
18.0000 31694
19.0000 31906
20.0000 31713
21.0000 31778
22.0000 31764
23.0000 31548
24.0000 31940
25.0000 31671
26.0000 31490
27.0000 31946
28.0000 31861
29.0000 31496
30.0000 31881
31.0000 31542
32.0000 31926
33.0000 31562
34.0000 31753
35.0000 31364
36.0000 32089
37.0000 31763
38.0000 31422
39.0000 31764
40.0000 31792
41.0000 32068
42.0000 31349
43.0000 31365
44.0000 31817
45.0000 31557
46.0000 31968
47.0000 31714
48.0000 31650
49.0000 31562
50.0000 31511
51.0000 31618
52.0000 31677
53.0000 31881
54.0000 31579
55.0000 31609
56.0000 31880
57.0000 31530
58.0000 31557
59.0000 31369
60.0000 31623
61.0000 31162
62.0000 30896
63.0000 30680
64.0000 30120
65.0000 28772
66.0000 28122
67.0000 29141
68.0000 30262
69.0000 30769
70.0000 31005
71.0000 31217
72.0000 31127
73.0000 31206
74.0000 31435
75.0000 31854
76.0000 32039
77.0000 31725
78.0000 31778
79.0000 31977
80.0000 31872
81.0000 31921
82.0000 31563
83.0000 31734
84.0000 31258
85.0000 31902
86.0000 31421
87.0000 31229
88.0000 31379
89.0000 30998
90.0000 30446
91.0000 29740
92.0000 28835
93.0000 28815
94.0000 29494
95.0000 30691
96.0000 30861
97.0000 31184
98.0000 31371
99.0000 31607
100.0000 31244
101.0000 31686
102.0000 31622
103.0000 31778
104.0000 31596
105.0000 31629
106.0000 31604
107.0000 31779
108.0000 31415
109.0000 31612
110.0000 31288
111.0000 31684
112.0000 31526
113.0000 31572
114.0000 31289
115.0000 31431
116.0000 31517
117.0000 30881
118.0000 30915
119.0000 29801
120.0000 30033
121.0000 30937
122.0000 31313
123.0000 31720
124.0000 31598
125.0000 31481
126.0000 31671
127.0000 31536
128.0000 31748
129.0000 31503
130.0000 31938
131.0000 31694
132.0000 31330
133.0000 31895
134.0000 31761
135.0000 31828
136.0000 31459
137.0000 31230
138.0000 30584
139.0000 30019
140.0000 29981
141.0000 30634
142.0000 31149
143.0000 31481
144.0000 31312
145.0000 31553
146.0000 31679
147.0000 32119
148.0000 31508
149.0000 31496
150.0000 31690
151.0000 31821
152.0000 31754
153.0000 31813
154.0000 31723
155.0000 31729
156.0000 31702
157.0000 31277
158.0000 31517
159.0000 31471
160.0000 31868
161.0000 31587
162.0000 31137
163.0000 31089
164.0000 30608
165.0000 29720
166.0000 28596
167.0000 28882
168.0000 29968
169.0000 30512
170.0000 31460
171.0000 30997
172.0000 31355
173.0000 31325
174.0000 31474
175.0000 31547
176.0000 31484
177.0000 31366
178.0000 31825
179.0000 31591
180.0000 31740
181.0000 31487
182.0000 31650
183.0000 31764
184.0000 31614
185.0000 31559
186.0000 30987
187.0000 31422
188.0000 31011
189.0000 30636
190.0000 30677
191.0000 29980
192.0000 28873
193.0000 28440
194.0000 29421
195.0000 29977
196.0000 30739
197.0000 31052
198.0000 31318
199.0000 31444
200.0000 31091
201.0000 31301
202.0000 31512
203.0000 31756
204.0000 31349
205.0000 31790
206.0000 31525
207.0000 31640
208.0000 31446
209.0000 31493
210.0000 31930
211.0000 31932
212.0000 31657
213.0000 31798
214.0000 31749
215.0000 31419
216.0000 31523
217.0000 31485
218.0000 31679
219.0000 31762
220.0000 31789
221.0000 31333
222.0000 32005
223.0000 31673
224.0000 31597
225.0000 32168
226.0000 31828
227.0000 31758
228.0000 31669
229.0000 31823
230.0000 31900
231.0000 32081
232.0000 31656
233.0000 31368
234.0000 31565
235.0000 31687
236.0000 31370
237.0000 31788
238.0000 31613
239.0000 31655
240.0000 32057
241.0000 31764
242.0000 31991
243.0000 32062
244.0000 31361
245.0000 31576
246.0000 31817
247.0000 31371
248.0000 31682
249.0000 31930
250.0000 31723
251.0000 31573
252.0000 31555
253.0000 31791
254.0000 31382
255.0000 31571
256.0000 31808
257.0000 31535
258.0000 31689
259.0000 31817
260.0000 31357
261.0000 31735
262.0000 31550
263.0000 31976
264.0000 31374
265.0000 31956
266.0000 31730
267.0000 31966
268.0000 31680
269.0000 31596
270.0000 31457
271.0000 31861
272.0000 31810
273.0000 31200
274.0000 31385
275.0000 31752
276.0000 31523
277.0000 31448
278.0000 31389
279.0000 31644
280.0000 31748
281.0000 31541
282.0000 31634
283.0000 31435
284.0000 31413
285.0000 31602
286.0000 31380
287.0000 31707
288.0000 31677
289.0000 31790
290.0000 31557
291.0000 31465
292.0000 31345
293.0000 31536
294.0000 31560
295.0000 31517
296.0000 31690
297.0000 31839
298.0000 31652
299.0000 31785
300.0000 31739
301.0000 31630
302.0000 31465
303.0000 31712
304.0000 31654
305.0000 31572
306.0000 31693
307.0000 31489
308.0000 31492
309.0000 31458
310.0000 31453
311.0000 31358
312.0000 31686
313.0000 31372
314.0000 31409
315.0000 31023
316.0000 30675
317.0000 30566
318.0000 29640
319.0000 28499
320.0000 28702
321.0000 29209
322.0000 30262
323.0000 30784
324.0000 30980
325.0000 31025
326.0000 31397
327.0000 31202
328.0000 31287
329.0000 31437
330.0000 31561
331.0000 31426
332.0000 31626
333.0000 31276
334.0000 31568
335.0000 31408
336.0000 31673
337.0000 31369
338.0000 31679
339.0000 31234
340.0000 31652
341.0000 31312
342.0000 31323
343.0000 30624
344.0000 30421
345.0000 29375
346.0000 28442
347.0000 28902
348.0000 29942
349.0000 30534
350.0000 30959
351.0000 31397
352.0000 31191
353.0000 31382
354.0000 31434
355.0000 31518
356.0000 31397
357.0000 31677
358.0000 31762
359.0000 31314
360.0000 31371
361.0000 31454
362.0000 31598
363.0000 31836
364.0000 31163
365.0000 31705
366.0000 31682
367.0000 31656
368.0000 31161
369.0000 31057
370.0000 30932
371.0000 30929
372.0000 30229
373.0000 29997
374.0000 30334
375.0000 30834
376.0000 31159
377.0000 31407
378.0000 31603
379.0000 31499
380.0000 31441
381.0000 31659
382.0000 31583
383.0000 31596
384.0000 31244
385.0000 31473
386.0000 31456
387.0000 31455
388.0000 31375
389.0000 31283
390.0000 31130
391.0000 30798
392.0000 30039
393.0000 29857
394.0000 30214
395.0000 30806
396.0000 31302
397.0000 31668
398.0000 31403
399.0000 31358
400.0000 31438
401.0000 31499
402.0000 31449
403.0000 31587
404.0000 31782
405.0000 31448
406.0000 31789
407.0000 31492
408.0000 31388
409.0000 31412
410.0000 31306
411.0000 31362
412.0000 31559
413.0000 31372
414.0000 31119
415.0000 30992
416.0000 30866
417.0000 30493
418.0000 30012
419.0000 28876
420.0000 28933
421.0000 29180
422.0000 30371
423.0000 31153
424.0000 31125
425.0000 31299
426.0000 31589
427.0000 31140
428.0000 31459
429.0000 31425
430.0000 31768
431.0000 31282
432.0000 31543
433.0000 31566
434.0000 31744
435.0000 31488
436.0000 31485
437.0000 31438
438.0000 31202
439.0000 31220
440.0000 31055
441.0000 31286
442.0000 31008
443.0000 30580
444.0000 30134
445.0000 29326
446.0000 28687
447.0000 28233
448.0000 29311
449.0000 30255
450.0000 30718
451.0000 31059
452.0000 31385
453.0000 31298
454.0000 31288
455.0000 31222
456.0000 30950
457.0000 31701
458.0000 31630
459.0000 31705
460.0000 31592
461.0000 31824
462.0000 31352
463.0000 31341
464.0000 31559
465.0000 31478
466.0000 31631
467.0000 31760
468.0000 31474
469.0000 31355
470.0000 31404
471.0000 31522
472.0000 31597
473.0000 31639
474.0000 31786
475.0000 31114
476.0000 31733
477.0000 31778
478.0000 31467
479.0000 31779
480.0000 31423
481.0000 31685
482.0000 31745
483.0000 31551
484.0000 31636
485.0000 31670
486.0000 31931
487.0000 31351
488.0000 31747
489.0000 32227
490.0000 31594
491.0000 31439
492.0000 31624
493.0000 31548
494.0000 31483
495.0000 31720
496.0000 31672
497.0000 31489
498.0000 31705
499.0000 31505
500.0000 31682
501.0000 31297
502.0000 31496
503.0000 31754
504.0000 31741
505.0000 31693
506.0000 31827
507.0000 31438
508.0000 31763
509.0000 31618
510.0000 31634
511.0000 27694
