0.0000 706950
1.0000 707813
2.0000 707030
3.0000 708526
4.0000 707605
5.0000 707667
6.0000 707928
7.0000 705971
8.0000 708770
9.0000 707539
10.0000 705691
11.0000 707292
12.0000 706574
13.0000 706808
14.0000 705863
15.0000 708181
16.0000 706921
17.0000 709723
18.0000 707373
19.0000 707702
20.0000 707810
21.0000 707109
22.0000 706809
23.0000 707504
24.0000 706688
25.0000 707559
26.0000 708113
27.0000 707472
28.0000 707562
29.0000 707381
30.0000 707601
31.0000 708903
32.0000 706982
33.0000 707139
34.0000 708297
35.0000 708828
36.0000 709302
37.0000 706052
38.0000 708169
39.0000 707054
40.0000 705554
41.0000 709817
42.0000 707658
43.0000 706536
44.0000 707270
45.0000 707232
46.0000 707211
47.0000 707395
48.0000 707957
49.0000 708105
50.0000 706462
51.0000 705591
52.0000 707395
53.0000 706497
54.0000 707145
55.0000 707908
56.0000 706693
57.0000 705972
58.0000 706152
59.0000 705065
60.0000 703546
61.0000 700116
62.0000 699535
63.0000 692976
64.0000 680208
65.0000 659446
66.0000 634325
67.0000 635369
68.0000 661033
69.0000 681045
70.0000 690779
71.0000 694040
72.0000 697855
73.0000 701345
74.0000 701794
75.0000 705215
76.0000 704520
77.0000 704139
78.0000 706180
79.0000 705883
80.0000 706046
81.0000 704875
82.0000 706950
83.0000 706899
84.0000 706640
85.0000 705674
86.0000 705668
87.0000 701982
88.0000 701923
89.0000 697010
90.0000 691351
91.0000 675033
92.0000 650312
93.0000 637669
94.0000 656926
95.0000 679793
96.0000 691638
97.0000 698661
98.0000 701306
99.0000 702107
100.0000 703579
101.0000 704724
102.0000 704757
103.0000 707139
104.0000 706800
105.0000 707005
106.0000 706371
107.0000 708588
108.0000 707206
109.0000 706712
110.0000 707391
111.0000 706243
112.0000 705891
113.0000 705731
114.0000 705026
115.0000 703939
116.0000 701436
117.0000 696103
118.0000 686820
119.0000 670384
120.0000 671340
121.0000 686522
122.0000 696313
123.0000 703090
124.0000 704083
125.0000 704732
126.0000 706513
127.0000 706625
128.0000 707029
129.0000 708272
130.0000 705531
131.0000 708098
132.0000 705115
133.0000 705006
134.0000 704855
135.0000 703572
136.0000 701314
137.0000 696249
138.0000 684953
139.0000 669477
140.0000 673128
141.0000 688989
142.0000 697692
143.0000 701600
144.0000 704379
145.0000 706172
146.0000 706642
147.0000 707907
148.0000 705910
149.0000 706842
150.0000 707894
151.0000 706768
152.0000 708551
153.0000 706812
154.0000 705980
155.0000 706186
156.0000 705548
157.0000 705739
158.0000 704716
159.0000 702892
160.0000 702614
161.0000 701952
162.0000 696599
163.0000 688014
164.0000 675921
165.0000 654760
166.0000 637352
167.0000 653534
168.0000 678296
169.0000 692554
170.0000 699487
171.0000 700747
172.0000 704271
173.0000 704535
174.0000 705579
175.0000 706217
176.0000 705781
177.0000 705777
178.0000 705711
179.0000 705386
180.0000 705855
181.0000 704146
182.0000 704784
183.0000 704292
184.0000 704069
185.0000 703854
186.0000 699885
187.0000 698360
188.0000 692715
189.0000 690361
190.0000 680176
191.0000 662867
192.0000 638272
193.0000 631716
194.0000 654040
195.0000 676891
196.0000 689576
197.0000 698141
198.0000 700125
199.0000 703363
200.0000 704565
201.0000 704666
202.0000 705398
203.0000 705010
204.0000 706468
205.0000 707585
206.0000 706295
207.0000 707237
208.0000 706871
209.0000 706489
210.0000 706590
211.0000 707627
212.0000 707791
213.0000 708002
214.0000 707775
215.0000 707836
216.0000 707258
217.0000 705594
218.0000 707401
219.0000 708317
220.0000 708466
221.0000 707855
222.0000 706996
223.0000 705453
224.0000 707817
225.0000 708478
226.0000 706391
227.0000 707156
228.0000 706950
229.0000 708423
230.0000 707717
231.0000 708874
232.0000 706839
233.0000 708014
234.0000 707717
235.0000 706322
236.0000 707486
237.0000 707615
238.0000 706384
239.0000 707492
240.0000 707459
241.0000 708965
242.0000 706891
243.0000 707687
244.0000 707187
245.0000 706564
246.0000 707932
247.0000 708629
248.0000 707761
249.0000 707914
250.0000 707078
251.0000 706663
252.0000 707497
253.0000 708564
254.0000 705498
255.0000 705902
256.0000 707422
257.0000 705888
258.0000 707129
259.0000 707483
260.0000 705493
261.0000 707448
262.0000 706375
263.0000 706573
264.0000 707336
265.0000 705527
266.0000 705636
267.0000 705477
268.0000 706198
269.0000 706622
270.0000 706819
271.0000 706526
272.0000 706964
273.0000 706798
274.0000 706148
275.0000 706756
276.0000 705951
277.0000 707759
278.0000 706470
279.0000 706152
280.0000 706475
281.0000 706467
282.0000 706867
283.0000 706544
284.0000 706407
285.0000 704090
286.0000 706136
287.0000 706448
288.0000 705139
289.0000 707327
290.0000 706042
291.0000 706623
292.0000 705251
293.0000 705730
294.0000 704989
295.0000 706044
296.0000 705025
297.0000 705434
298.0000 705830
299.0000 705001
300.0000 705381
301.0000 706527
302.0000 704797
303.0000 706725
304.0000 704001
305.0000 705282
306.0000 705760
307.0000 704238
308.0000 705676
309.0000 704935
310.0000 705026
311.0000 704204
312.0000 703789
313.0000 703478
314.0000 699363
315.0000 697888
316.0000 693701
317.0000 687780
318.0000 671724
319.0000 646814
320.0000 628014
321.0000 641089
322.0000 666306
323.0000 679732
324.0000 689708
325.0000 692962
326.0000 696323
327.0000 699764
328.0000 700378
329.0000 701956
330.0000 702886
331.0000 703556
332.0000 701937
333.0000 703266
334.0000 702153
335.0000 703469
336.0000 702951
337.0000 702124
338.0000 701855
339.0000 703521
340.0000 700940
341.0000 699990
342.0000 696469
343.0000 692380
344.0000 681698
345.0000 661396
346.0000 636630
347.0000 645093
348.0000 667018
349.0000 683441
350.0000 691925
351.0000 695079
352.0000 700357
353.0000 702885
354.0000 700507
355.0000 701646
356.0000 704401
357.0000 704604
358.0000 704508
359.0000 702898
360.0000 704242
361.0000 703484
362.0000 702714
363.0000 703821
364.0000 703668
365.0000 704372
366.0000 702753
367.0000 704002
368.0000 702853
369.0000 699943
370.0000 697307
371.0000 687951
372.0000 673032
373.0000 665019
374.0000 675680
375.0000 689844
376.0000 697498
377.0000 699532
378.0000 701994
379.0000 703790
380.0000 702646
381.0000 702611
382.0000 704103
383.0000 703074
384.0000 704027
385.0000 702671
386.0000 703881
387.0000 701479
388.0000 701314
389.0000 700136
390.0000 694916
391.0000 688698
392.0000 673818
393.0000 665686
394.0000 678611
395.0000 691201
396.0000 698101
397.0000 701036
398.0000 700890
399.0000 702890
400.0000 702766
401.0000 704304
402.0000 703910
403.0000 704451
404.0000 705527
405.0000 703780
406.0000 703463
407.0000 704228
408.0000 703233
409.0000 703520
410.0000 703122
411.0000 701710
412.0000 702800
413.0000 701533
414.0000 699276
415.0000 696126
416.0000 692267
417.0000 680944
418.0000 664689
419.0000 640029
420.0000 640141
421.0000 663722
422.0000 683819
423.0000 692338
424.0000 696302
425.0000 699566
426.0000 700723
427.0000 703180
428.0000 702287
429.0000 702088
430.0000 703913
431.0000 704566
432.0000 703858
433.0000 703035
434.0000 701507
435.0000 703689
436.0000 702733
437.0000 702914
438.0000 701415
439.0000 700501
440.0000 697645
441.0000 694208
442.0000 690310
443.0000 685040
444.0000 671377
445.0000 649086
446.0000 627603
447.0000 637989
448.0000 665177
449.0000 682352
450.0000 690953
451.0000 696511
452.0000 699560
453.0000 701282
454.0000 701549
455.0000 703601
456.0000 703785
457.0000 702192
458.0000 706129
459.0000 704508
460.0000 705149
461.0000 703605
462.0000 705203
463.0000 704718
464.0000 704383
465.0000 703891
466.0000 705819
467.0000 705863
468.0000 704391
469.0000 706542
470.0000 706683
471.0000 706053
472.0000 704903
473.0000 704989
474.0000 707286
475.0000 706961
476.0000 706933
477.0000 705797
478.0000 705164
479.0000 706788
480.0000 706575
481.0000 705663
482.0000 705893
483.0000 705886
484.0000 705989
485.0000 708526
486.0000 708594
487.0000 707282
488.0000 707702
489.0000 707619
490.0000 706706
491.0000 706622
492.0000 706592
493.0000 706037
494.0000 707224
495.0000 705855
496.0000 706467
497.0000 707272
498.0000 706939
499.0000 706911
500.0000 707383
501.0000 706837
502.0000 706614
503.0000 706308
504.0000 705624
505.0000 706871
506.0000 706553
507.0000 705226
508.0000 707355
509.0000 706711
510.0000 707862
511.0000 618568
