0.0000 3552447
1.0000 3549478
2.0000 3550602
3.0000 3550192
4.0000 3549426
5.0000 3551077
6.0000 3553234
7.0000 3551263
8.0000 3552012
9.0000 3550995
10.0000 3551831
11.0000 3552641
12.0000 3550983
13.0000 3550015
14.0000 3551147
15.0000 3555115
16.0000 3552939
17.0000 3553889
18.0000 3551687
19.0000 3552805
20.0000 3552752
21.0000 3554325
22.0000 3552844
23.0000 3551492
24.0000 3549923
25.0000 3554638
26.0000 3553472
27.0000 3555108
28.0000 3552898
29.0000 3554435
30.0000 3551825
31.0000 3554959
32.0000 3554312
33.0000 3553655
34.0000 3555854
35.0000 3555091
36.0000 3554428
37.0000 3553768
38.0000 3550449
39.0000 3557940
40.0000 3557644
41.0000 3556222
42.0000 3555369
43.0000 3554879
44.0000 3555585
45.0000 3557238
46.0000 3553242
47.0000 3558913
48.0000 3557569
49.0000 3559496
50.0000 3552789
51.0000 3553785
52.0000 3554727
53.0000 3556521
54.0000 3557400
55.0000 3560521
56.0000 3554998
57.0000 3555850
58.0000 3557202
59.0000 3554377
60.0000 3557239
61.0000 3555761
62.0000 3559720
63.0000 3554704
64.0000 3556160
65.0000 3559429
66.0000 3555603
67.0000 3555994
68.0000 3555513
69.0000 3554188
70.0000 3556547
71.0000 3555767
72.0000 3555654
73.0000 3559890
74.0000 3557858
75.0000 3558636
76.0000 3555294
77.0000 3556059
78.0000 3558178
79.0000 3558658
80.0000 3558955
81.0000 3555754
82.0000 3555453
83.0000 3559016
84.0000 3557448
85.0000 3560099
86.0000 3557905
87.0000 3558024
88.0000 3554297
89.0000 3554232
90.0000 3555075
91.0000 3552019
92.0000 3551860
93.0000 3551363
94.0000 3549126
95.0000 3543284
96.0000 3536877
97.0000 3523149
98.0000 3497366
99.0000 3462760
100.0000 3424722
101.0000 3405999
102.0000 3407302
103.0000 3434909
104.0000 3459821
105.0000 3488308
106.0000 3503182
107.0000 3523915
108.0000 3530407
109.0000 3538690
110.0000 3546544
111.0000 3544068
112.0000 3546181
113.0000 3542703
114.0000 3541154
115.0000 3541997
116.0000 3541399
117.0000 3535791
118.0000 3532609
119.0000 3529490
120.0000 3526943
121.0000 3529047
122.0000 3527454
123.0000 3525703
124.0000 3522782
125.0000 3515269
126.0000 3496771
127.0000 3473257
128.0000 3447104
129.0000 3414782
130.0000 3390782
131.0000 3384655
132.0000 3400849
133.0000 3437502
134.0000 3482500
135.0000 3512853
136.0000 3529004
137.0000 3536649
138.0000 3542662
139.0000 3553099
140.0000 3549512
141.0000 3552123
142.0000 3556308
143.0000 3556207
144.0000 3553834
145.0000 3555740
146.0000 3558554
147.0000 3556291
148.0000 3560127
149.0000 3557912
150.0000 3558786
151.0000 3553549
152.0000 3556659
153.0000 3554657
154.0000 3558431
155.0000 3557061
156.0000 3559610
157.0000 3561283
158.0000 3555547
159.0000 3556118
160.0000 3556665
161.0000 3559945
162.0000 3561282
163.0000 3558532
164.0000 3555654
165.0000 3556886
166.0000 3556796
167.0000 3557691
168.0000 3560011
169.0000 3555771
170.0000 3559268
171.0000 3558318
172.0000 3556318
173.0000 3556298
174.0000 3561059
175.0000 3559386
176.0000 3558408
177.0000 3555954
178.0000 3558057
179.0000 3558520
180.0000 3561246
181.0000 3555879
182.0000 3556126
183.0000 3556630
184.0000 3558757
185.0000 3555836
186.0000 3559804
187.0000 3558187
188.0000 3555385
189.0000 3553957
190.0000 3559064
191.0000 3555963
192.0000 3553869
193.0000 3555118
194.0000 3555585
195.0000 3558383
196.0000 3556394
197.0000 3556699
198.0000 3556751
199.0000 3559451
200.0000 3556742
201.0000 3554271
202.0000 3555508
203.0000 3557976
204.0000 3556367
205.0000 3559976
206.0000 3558673
207.0000 3557435
208.0000 3552830
209.0000 3552736
210.0000 3556480
211.0000 3558081
212.0000 3554114
213.0000 3553658
214.0000 3554076
215.0000 3556741
216.0000 3554994
217.0000 3555166
218.0000 3554722
219.0000 3556300
220.0000 3555182
221.0000 3554013
222.0000 3554847
223.0000 3555670
224.0000 3550009
225.0000 3553069
226.0000 3552621
227.0000 3555589
228.0000 3549977
229.0000 3551852
230.0000 3555047
231.0000 3553456
232.0000 3553687
233.0000 3549671
234.0000 3551335
235.0000 3551775
236.0000 3554042
237.0000 3553576
238.0000 3550890
239.0000 3551759
240.0000 3550930
241.0000 3550962
242.0000 3555511
243.0000 3548981
244.0000 3552365
245.0000 3550122
246.0000 3554811
247.0000 3551975
248.0000 3549309
249.0000 3551998
250.0000 3553218
251.0000 3552005
252.0000 3550911
253.0000 3549820
254.0000 3549076
255.0000 3548011
256.0000 3547441
257.0000 3550097
258.0000 3551344
259.0000 3550979
260.0000 3549178
261.0000 3549264
262.0000 3547666
263.0000 3550318
264.0000 3548570
265.0000 3547709
266.0000 3547611
267.0000 3550475
268.0000 3546354
269.0000 3547199
270.0000 3547559
271.0000 3550417
272.0000 3549577
273.0000 3549138
274.0000 3547853
275.0000 3548526
276.0000 3550275
277.0000 3548354
278.0000 3548700
279.0000 3549061
280.0000 3546216
281.0000 3548003
282.0000 3547943
283.0000 3548282
284.0000 3547353
285.0000 3545009
286.0000 3548174
287.0000 3547493
288.0000 3544239
289.0000 3545972
290.0000 3550320
291.0000 3548725
292.0000 3545058
293.0000 3551083
294.0000 3546911
295.0000 3547502
296.0000 3545921
297.0000 3547227
298.0000 3544189
299.0000 3546649
300.0000 3549354
301.0000 3547558
302.0000 3544546
303.0000 3547943
304.0000 3548675
305.0000 3547685
306.0000 3547000
307.0000 3546246
308.0000 3549117
309.0000 3543652
310.0000 3547535
311.0000 3543966
312.0000 3547888
313.0000 3543861
314.0000 3546430
315.0000 3543860
316.0000 3549077
317.0000 3544409
318.0000 3548074
319.0000 3543937
320.0000 3546923
321.0000 3541864
322.0000 3543345
323.0000 3548253
324.0000 3542416
325.0000 3546153
326.0000 3544722
327.0000 3544994
328.0000 3544888
329.0000 3542927
330.0000 3545924
331.0000 3545480
332.0000 3544304
333.0000 3544277
334.0000 3546221
335.0000 3542117
336.0000 3542455
337.0000 3543401
338.0000 3541264
339.0000 3543517
340.0000 3545078
341.0000 3544907
342.0000 3547657
343.0000 3545046
344.0000 3543050
345.0000 3544908
346.0000 3546516
347.0000 3544206
348.0000 3542356
349.0000 3543661
350.0000 3541024
351.0000 3545587
352.0000 3546459
353.0000 3544916
354.0000 3541437
355.0000 3541579
356.0000 3545179
357.0000 3543725
358.0000 3542735
359.0000 3540718
360.0000 3544433
361.0000 3543670
362.0000 3545777
363.0000 3541282
364.0000 3540695
365.0000 3544411
366.0000 3543473
367.0000 3537980
368.0000 3539791
369.0000 3538964
370.0000 3541561
371.0000 3533825
372.0000 3539694
373.0000 3535237
374.0000 3534010
375.0000 3526123
376.0000 3514873
377.0000 3503526
378.0000 3476869
379.0000 3438605
380.0000 3395964
381.0000 3367767
382.0000 3370178
383.0000 3389574
384.0000 3422522
385.0000 3447239
386.0000 3474638
387.0000 3489909
388.0000 3506147
389.0000 3515213
390.0000 3516128
391.0000 3514259
392.0000 3517433
393.0000 3513624
394.0000 3518731
395.0000 3519369
396.0000 3523319
397.0000 3525847
398.0000 3530178
399.0000 3530584
400.0000 3531173
401.0000 3530667
402.0000 3529085
403.0000 3528021
404.0000 3519682
405.0000 3512169
406.0000 3494508
407.0000 3475242
408.0000 3447725
409.0000 3418769
410.0000 3400034
411.0000 3393045
412.0000 3408309
413.0000 3440545
414.0000 3475751
415.0000 3501295
416.0000 3513957
417.0000 3528673
418.0000 3532793
419.0000 3535781
420.0000 3536933
421.0000 3540414
422.0000 3540061
423.0000 3541574
424.0000 3543382
425.0000 3542947
426.0000 3541273
427.0000 3543561
428.0000 3543133
429.0000 3545416
430.0000 3544770
431.0000 3543029
432.0000 3543767
433.0000 3540528
434.0000 3546288
435.0000 3541733
436.0000 3546654
437.0000 3546377
438.0000 3544819
439.0000 3543859
440.0000 3544204
441.0000 3544502
442.0000 3544087
443.0000 3543178
444.0000 3544914
445.0000 3545108
446.0000 3545297
447.0000 3546939
448.0000 3547115
449.0000 3547199
450.0000 3546921
451.0000 3543634
452.0000 3545299
453.0000 3547324
454.0000 3546537
455.0000 3547127
456.0000 3546793
457.0000 3548164
458.0000 3545190
459.0000 3544683
460.0000 3547012
461.0000 3547207
462.0000 3544394
463.0000 3542736
464.0000 3546819
465.0000 3546967
466.0000 3546072
467.0000 3545885
468.0000 3545722
469.0000 3546838
470.0000 3549773
471.0000 3546913
472.0000 3550580
473.0000 3547666
474.0000 3547604
475.0000 3547661
476.0000 3547147
477.0000 3546216
478.0000 3547372
479.0000 3545822
480.0000 3545051
481.0000 3546905
482.0000 3549500
483.0000 3549968
484.0000 3548220
485.0000 3542626
486.0000 3548380
487.0000 3550620
488.0000 3547876
489.0000 3546011
490.0000 3545652
491.0000 3548862
492.0000 3546245
493.0000 3547052
494.0000 3548890
495.0000 3546340
496.0000 3549231
497.0000 3547485
498.0000 3548550
499.0000 3548620
500.0000 3549196
501.0000 3551980
502.0000 3550621
503.0000 3551329
504.0000 3553902
505.0000 3551600
506.0000 3553565
507.0000 3548815
508.0000 3552516
509.0000 3549944
510.0000 3549140
511.0000 3105982
