0.0000 2625858
1.0000 2626932
2.0000 2624654
3.0000 2626577
4.0000 2626728
5.0000 2626827
6.0000 2625202
7.0000 2628504
8.0000 2627180
9.0000 2627909
10.0000 2627705
11.0000 2628672
12.0000 2625077
13.0000 2627093
14.0000 2628875
15.0000 2629341
16.0000 2626122
17.0000 2627235
18.0000 2627344
19.0000 2630154
20.0000 2627322
21.0000 2628484
22.0000 2626832
23.0000 2628908
24.0000 2627351
25.0000 2626231
26.0000 2627915
27.0000 2629406
28.0000 2625749
29.0000 2627289
30.0000 2629477
31.0000 2628208
32.0000 2632056
33.0000 2630942
34.0000 2628594
35.0000 2626938
36.0000 2626382
37.0000 2630812
38.0000 2629140
39.0000 2629121
40.0000 2627600
41.0000 2627882
42.0000 2629337
43.0000 2628117
44.0000 2627838
45.0000 2627011
46.0000 2626978
47.0000 2631367
48.0000 2631670
49.0000 2630118
50.0000 2628432
51.0000 2629061
52.0000 2628077
53.0000 2629928
54.0000 2630710
55.0000 2631375
56.0000 2631190
57.0000 2630353
58.0000 2629204
59.0000 2630935
60.0000 2626751
61.0000 2633652
62.0000 2629120
63.0000 2631385
64.0000 2632075
65.0000 2628680
66.0000 2629897
67.0000 2629147
68.0000 2631723
69.0000 2628717
70.0000 2631880
71.0000 2632372
72.0000 2629817
73.0000 2629618
74.0000 2628869
75.0000 2628267
76.0000 2629764
77.0000 2628797
78.0000 2627334
79.0000 2630834
80.0000 2627699
81.0000 2631093
82.0000 2632982
83.0000 2631692
84.0000 2631907
85.0000 2628713
86.0000 2630746
87.0000 2629159
88.0000 2633324
89.0000 2633656
90.0000 2632339
91.0000 2627665
92.0000 2629591
93.0000 2631260
94.0000 2628759
95.0000 2627901
96.0000 2627946
97.0000 2623211
98.0000 2616594
99.0000 2606014
100.0000 2600443
101.0000 2594514
102.0000 2594300
103.0000 2598605
104.0000 2605108
105.0000 2611480
106.0000 2620212
107.0000 2619694
108.0000 2624441
109.0000 2623868
110.0000 2625461
111.0000 2626402
112.0000 2626874
113.0000 2626101
114.0000 2624344
115.0000 2626772
116.0000 2623321
117.0000 2622007
118.0000 2622571
119.0000 2620327
120.0000 2618898
121.0000 2618464
122.0000 2618887
123.0000 2615614
124.0000 2611929
125.0000 2610477
126.0000 2603152
127.0000 2590749
128.0000 2581173
129.0000 2565649
130.0000 2552322
131.0000 2546793
132.0000 2556708
133.0000 2570042
134.0000 2589350
135.0000 2605942
136.0000 2615762
137.0000 2620649
138.0000 2624498
139.0000 2622086
140.0000 2627526
141.0000 2629364
142.0000 2630471
143.0000 2628372
144.0000 2630622
145.0000 2630266
146.0000 2631926
147.0000 2631439
148.0000 2633584
149.0000 2631524
150.0000 2629727
151.0000 2629724
152.0000 2631202
153.0000 2632093
154.0000 2630605
155.0000 2632415
156.0000 2631715
157.0000 2633301
158.0000 2629787
159.0000 2629820
160.0000 2629870
161.0000 2634071
162.0000 2629320
163.0000 2632043
164.0000 2631231
165.0000 2631017
166.0000 2632551
167.0000 2629777
168.0000 2630447
169.0000 2631928
170.0000 2629314
171.0000 2631729
172.0000 2633348
173.0000 2632086
174.0000 2630390
175.0000 2629213
176.0000 2628967
177.0000 2630104
178.0000 2629363
179.0000 2632704
180.0000 2628657
181.0000 2632138
182.0000 2631150
183.0000 2629973
184.0000 2629826
185.0000 2628862
186.0000 2629218
187.0000 2630394
188.0000 2628772
189.0000 2629644
190.0000 2629434
191.0000 2628768
192.0000 2632532
193.0000 2628655
194.0000 2630659
195.0000 2628600
196.0000 2629608
197.0000 2631959
198.0000 2631629
199.0000 2629143
200.0000 2631675
201.0000 2627696
202.0000 2628869
203.0000 2629957
204.0000 2631122
205.0000 2626587
206.0000 2629458
207.0000 2628967
208.0000 2627670
209.0000 2631601
210.0000 2630753
211.0000 2630537
212.0000 2627985
213.0000 2629533
214.0000 2632025
215.0000 2627464
216.0000 2627658
217.0000 2631105
218.0000 2626140
219.0000 2627586
220.0000 2627268
221.0000 2625470
222.0000 2628999
223.0000 2631433
224.0000 2629409
225.0000 2628126
226.0000 2627079
227.0000 2627285
228.0000 2629104
229.0000 2627493
230.0000 2626793
231.0000 2632158
232.0000 2626781
233.0000 2626276
234.0000 2626455
235.0000 2625961
236.0000 2628572
237.0000 2629742
238.0000 2629629
239.0000 2627233
240.0000 2627490
241.0000 2628351
242.0000 2628984
243.0000 2628296
244.0000 2629424
245.0000 2624791
246.0000 2629012
247.0000 2627347
248.0000 2625589
249.0000 2627417
250.0000 2624236
251.0000 2630718
252.0000 2625815
253.0000 2625765
254.0000 2627208
255.0000 2627752
256.0000 2626499
257.0000 2624628
258.0000 2624455
259.0000 2625049
260.0000 2626608
261.0000 2622531
262.0000 2622636
263.0000 2627026
264.0000 2621836
265.0000 2624889
266.0000 2626547
267.0000 2625137
268.0000 2625418
269.0000 2624825
270.0000 2625098
271.0000 2626107
272.0000 2624772
273.0000 2625939
274.0000 2622357
275.0000 2623915
276.0000 2628037
277.0000 2624778
278.0000 2621774
279.0000 2623964
280.0000 2624518
281.0000 2623169
282.0000 2623018
283.0000 2624203
284.0000 2624835
285.0000 2624355
286.0000 2624811
287.0000 2626286
288.0000 2622759
289.0000 2624922
290.0000 2623679
291.0000 2625566
292.0000 2623792
293.0000 2624830
294.0000 2625460
295.0000 2625009
296.0000 2624089
297.0000 2623325
298.0000 2624544
299.0000 2621437
300.0000 2622623
301.0000 2622217
302.0000 2622809
303.0000 2618963
304.0000 2620125
305.0000 2623832
306.0000 2626884
307.0000 2620407
308.0000 2623490
309.0000 2621087
310.0000 2620862
311.0000 2622277
312.0000 2621013
313.0000 2621733
314.0000 2623762
315.0000 2623149
316.0000 2623614
317.0000 2620725
318.0000 2620989
319.0000 2621468
320.0000 2622728
321.0000 2623639
322.0000 2624003
323.0000 2622285
324.0000 2621820
325.0000 2620301
326.0000 2623258
327.0000 2621114
328.0000 2622325
329.0000 2620382
330.0000 2622202
331.0000 2621173
332.0000 2620973
333.0000 2616997
334.0000 2621534
335.0000 2617657
336.0000 2622060
337.0000 2623951
338.0000 2620108
339.0000 2622532
340.0000 2622018
341.0000 2622819
342.0000 2621178
343.0000 2621895
344.0000 2620740
345.0000 2623767
346.0000 2621077
347.0000 2621821
348.0000 2620670
349.0000 2623913
350.0000 2621621
351.0000 2620201
352.0000 2620822
353.0000 2619282
354.0000 2619348
355.0000 2620850
356.0000 2623129
357.0000 2620076
358.0000 2621686
359.0000 2621194
360.0000 2619973
361.0000 2622922
362.0000 2621082
363.0000 2618418
364.0000 2621993
365.0000 2620839
366.0000 2618673
367.0000 2619387
368.0000 2619994
369.0000 2619920
370.0000 2617742
371.0000 2619139
372.0000 2616092
373.0000 2615934
374.0000 2618481
375.0000 2613990
376.0000 2607784
377.0000 2601306
378.0000 2585157
379.0000 2569354
380.0000 2553147
381.0000 2541042
382.0000 2538542
383.0000 2546417
384.0000 2555398
385.0000 2572775
386.0000 2583783
387.0000 2594183
388.0000 2599183
389.0000 2604753
390.0000 2606195
391.0000 2611884
392.0000 2607380
393.0000 2606391
394.0000 2610166
395.0000 2608635
396.0000 2613457
397.0000 2613932
398.0000 2616932
399.0000 2617010
400.0000 2614276
401.0000 2616732
402.0000 2617462
403.0000 2616173
404.0000 2613189
405.0000 2612682
406.0000 2605759
407.0000 2601039
408.0000 2594790
409.0000 2589454
410.0000 2583997
411.0000 2585629
412.0000 2591184
413.0000 2592896
414.0000 2601547
415.0000 2611153
416.0000 2613639
417.0000 2614429
418.0000 2616325
419.0000 2621263
420.0000 2619923
421.0000 2616780
422.0000 2619968
423.0000 2620207
424.0000 2622069
425.0000 2620129
426.0000 2619724
427.0000 2619555
428.0000 2623325
429.0000 2618427
430.0000 2620105
431.0000 2625447
432.0000 2619433
433.0000 2620962
434.0000 2621421
435.0000 2619723
436.0000 2622631
437.0000 2621051
438.0000 2620630
439.0000 2621474
440.0000 2619704
441.0000 2622015
442.0000 2621956
443.0000 2621996
444.0000 2620299
445.0000 2622157
446.0000 2621704
447.0000 2622226
448.0000 2625077
449.0000 2621975
450.0000 2622363
451.0000 2622608
452.0000 2623148
453.0000 2621943
454.0000 2621784
455.0000 2621681
456.0000 2623975
457.0000 2624165
458.0000 2622688
459.0000 2622508
460.0000 2622033
461.0000 2622720
462.0000 2622197
463.0000 2621656
464.0000 2622554
465.0000 2627293
466.0000 2618836
467.0000 2621401
468.0000 2623583
469.0000 2623727
470.0000 2624363
471.0000 2619045
472.0000 2622251
473.0000 2622170
474.0000 2624089
475.0000 2622101
476.0000 2623087
477.0000 2621671
478.0000 2623269
479.0000 2624557
480.0000 2622986
481.0000 2623669
482.0000 2622256
483.0000 2620265
484.0000 2622981
485.0000 2623546
486.0000 2623102
487.0000 2622341
488.0000 2623750
489.0000 2625014
490.0000 2623932
491.0000 2625665
492.0000 2623679
493.0000 2623401
494.0000 2623040
495.0000 2625457
496.0000 2623377
497.0000 2623107
498.0000 2626239
499.0000 2623364
500.0000 2627079
501.0000 2621250
502.0000 2625935
503.0000 2624057
504.0000 2624314
505.0000 2627942
506.0000 2625151
507.0000 2628373
508.0000 2625869
509.0000 2624656
510.0000 2626910
511.0000 2296410
