0.0000 30500
1.0000 30787
2.0000 30623
3.0000 30702
4.0000 30860
5.0000 30550
6.0000 30721
7.0000 30635
8.0000 30833
9.0000 30541
10.0000 30388
11.0000 31030
12.0000 30630
13.0000 30763
14.0000 30701
15.0000 30343
16.0000 30693
17.0000 30904
18.0000 30490
19.0000 30493
20.0000 30735
21.0000 30694
22.0000 30649
23.0000 30553
24.0000 30688
25.0000 30552
26.0000 30720
27.0000 30532
28.0000 30580
29.0000 30726
30.0000 30471
31.0000 30643
32.0000 30544
33.0000 30560
34.0000 30733
35.0000 30705
36.0000 30694
37.0000 30769
38.0000 31013
39.0000 30527
40.0000 30857
41.0000 30753
42.0000 30465
43.0000 30560
44.0000 30314
45.0000 30557
46.0000 30946
47.0000 30792
48.0000 30510
49.0000 30905
50.0000 30863
51.0000 30629
52.0000 30623
53.0000 30742
54.0000 30617
55.0000 30896
56.0000 30587
57.0000 30790
58.0000 30813
59.0000 30220
60.0000 30585
61.0000 30602
62.0000 30534
63.0000 30549
64.0000 30883
65.0000 31066
66.0000 31097
67.0000 30532
68.0000 30664
69.0000 30517
70.0000 30506
71.0000 31101
72.0000 30653
73.0000 30830
74.0000 30934
75.0000 30742
76.0000 30924
77.0000 30517
78.0000 30787
79.0000 30862
80.0000 30615
81.0000 30319
82.0000 30608
83.0000 30478
84.0000 30805
85.0000 30681
86.0000 30894
87.0000 30452
88.0000 30881
89.0000 30786
90.0000 30762
91.0000 30835
92.0000 30758
93.0000 31041
94.0000 30599
95.0000 30943
96.0000 31103
97.0000 30824
98.0000 30469
99.0000 30992
100.0000 30978
101.0000 30670
102.0000 30934
103.0000 30776
104.0000 30537
105.0000 30589
106.0000 30706
107.0000 30576
108.0000 30762
109.0000 30878
110.0000 30441
111.0000 30802
112.0000 30865
113.0000 30604
114.0000 30794
115.0000 30431
116.0000 30551
117.0000 30651
118.0000 30499
119.0000 30328
120.0000 30623
121.0000 30530
122.0000 30340
123.0000 30275
124.0000 30428
125.0000 29824
126.0000 29431
127.0000 28794
128.0000 27407
129.0000 26211
130.0000 25202
131.0000 24852
132.0000 25659
133.0000 27041
134.0000 28615
135.0000 29228
136.0000 29732
137.0000 30178
138.0000 30110
139.0000 30687
140.0000 30398
141.0000 30607
142.0000 30551
143.0000 30516
144.0000 30365
145.0000 30537
146.0000 30503
147.0000 30410
148.0000 30524
149.0000 30828
150.0000 30519
151.0000 30603
152.0000 30929
153.0000 30417
154.0000 30869
155.0000 30699
156.0000 30595
157.0000 30611
158.0000 30373
159.0000 30702
160.0000 30790
161.0000 30367
162.0000 31003
163.0000 30707
164.0000 30702
165.0000 30640
166.0000 30523
167.0000 30882
168.0000 30966
169.0000 30727
170.0000 30706
171.0000 30921
172.0000 30638
173.0000 30878
174.0000 30766
175.0000 30737
176.0000 30534
177.0000 30946
178.0000 30837
179.0000 30438
180.0000 30737
181.0000 30863
182.0000 30486
183.0000 30471
184.0000 30423
185.0000 30598
186.0000 30875
187.0000 30405
188.0000 30717
189.0000 30406
190.0000 30900
191.0000 30987
192.0000 30432
193.0000 30775
194.0000 30675
195.0000 31056
196.0000 30459
197.0000 30777
198.0000 30572
199.0000 30512
200.0000 30675
201.0000 30588
202.0000 30727
203.0000 30552
204.0000 30688
205.0000 30419
206.0000 30615
207.0000 30583
208.0000 30682
209.0000 30711
210.0000 30606
211.0000 30478
212.0000 30885
213.0000 31135
214.0000 30773
215.0000 30339
216.0000 30640
217.0000 30637
218.0000 30543
219.0000 30617
220.0000 30702
221.0000 30656
222.0000 30790
223.0000 30617
224.0000 30595
225.0000 30899
226.0000 30588
227.0000 30549
228.0000 30722
229.0000 30734
230.0000 30731
231.0000 30542
232.0000 30691
233.0000 31190
234.0000 30741
235.0000 30809
236.0000 30493
237.0000 30648
238.0000 30681
239.0000 30689
240.0000 30566
241.0000 30551
242.0000 30635
243.0000 30661
244.0000 30883
245.0000 30980
246.0000 30873
247.0000 30491
248.0000 30792
249.0000 30778
250.0000 30491
251.0000 30664
252.0000 30888
253.0000 30604
254.0000 30723
255.0000 30600
256.0000 30866
257.0000 30758
258.0000 30676
259.0000 30633
260.0000 30735
261.0000 30869
262.0000 30727
263.0000 30588
264.0000 30606
265.0000 30448
266.0000 31019
267.0000 30612
268.0000 30723
269.0000 30542
270.0000 30448
271.0000 30305
272.0000 30703
273.0000 30576
274.0000 30689
275.0000 30698
276.0000 30975
277.0000 30769
278.0000 30839
279.0000 30663
280.0000 30839
281.0000 30601
282.0000 30519
283.0000 30519
284.0000 30893
285.0000 30696
286.0000 30741
287.0000 30927
288.0000 30883
289.0000 30762
290.0000 30459
291.0000 30611
292.0000 30382
293.0000 30547
294.0000 30578
295.0000 30483
296.0000 30461
297.0000 30703
298.0000 30992
299.0000 30544
300.0000 30728
301.0000 30400
302.0000 30706
303.0000 30779
304.0000 30610
305.0000 30473
306.0000 30512
307.0000 30882
308.0000 30452
309.0000 30492
310.0000 30507
311.0000 30461
312.0000 30738
313.0000 30623
314.0000 30410
315.0000 30448
316.0000 30614
317.0000 30491
318.0000 30322
319.0000 30618
320.0000 30334
321.0000 30658
322.0000 30363
323.0000 30562
324.0000 30423
325.0000 30517
326.0000 30699
327.0000 30245
328.0000 30568
329.0000 30774
330.0000 30541
331.0000 30503
332.0000 30529
333.0000 30437
334.0000 30806
335.0000 31079
336.0000 30339
337.0000 30617
338.0000 30658
339.0000 30545
340.0000 30498
341.0000 30550
342.0000 30619
343.0000 30422
344.0000 30426
345.0000 30692
346.0000 30630
347.0000 30431
348.0000 30533
349.0000 30557
350.0000 30826
351.0000 30767
352.0000 30353
353.0000 30726
354.0000 30536
355.0000 30717
356.0000 30536
357.0000 30442
358.0000 30494
359.0000 30309
360.0000 30616
361.0000 30746
362.0000 30229
363.0000 30706
364.0000 30230
365.0000 30512
366.0000 30509
367.0000 30417
368.0000 30382
369.0000 30704
370.0000 30576
371.0000 30181
372.0000 30387
373.0000 30443
374.0000 30245
375.0000 30275
376.0000 30077
377.0000 29559
378.0000 28971
379.0000 27704
380.0000 26138
381.0000 25272
382.0000 25159
383.0000 25319
384.0000 26736
385.0000 27877
386.0000 28949
387.0000 29473
388.0000 29905
389.0000 30036
390.0000 30227
391.0000 30575
392.0000 30446
393.0000 30539
394.0000 30706
395.0000 30624
396.0000 30405
397.0000 30381
398.0000 30400
399.0000 30305
400.0000 30694
401.0000 30444
402.0000 30686
403.0000 30437
404.0000 30511
405.0000 30527
406.0000 30744
407.0000 30220
408.0000 30477
409.0000 30709
410.0000 30856
411.0000 30673
412.0000 30782
413.0000 30326
414.0000 30091
415.0000 30801
416.0000 30499
417.0000 30446
418.0000 30665
419.0000 30679
420.0000 30525
421.0000 30716
422.0000 30707
423.0000 30700
424.0000 30712
425.0000 30396
426.0000 30495
427.0000 30303
428.0000 30399
429.0000 30474
430.0000 30586
431.0000 30847
432.0000 30632
433.0000 30548
434.0000 30513
435.0000 30354
436.0000 30618
437.0000 30799
438.0000 30507
439.0000 30760
440.0000 30717
441.0000 30495
442.0000 30691
443.0000 30677
444.0000 30450
445.0000 30560
446.0000 30266
447.0000 30551
448.0000 30693
449.0000 30624
450.0000 30627
451.0000 30573
452.0000 30534
453.0000 30521
454.0000 30596
455.0000 30579
456.0000 30718
457.0000 30614
458.0000 30777
459.0000 30487
460.0000 30603
461.0000 30531
462.0000 30941
463.0000 30699
464.0000 30896
465.0000 30567
466.0000 30394
467.0000 30375
468.0000 30425
469.0000 30399
470.0000 30724
471.0000 30432
472.0000 30543
473.0000 30552
474.0000 30634
475.0000 30697
476.0000 30654
477.0000 30616
478.0000 30639
479.0000 30967
480.0000 30620
481.0000 30357
482.0000 30587
483.0000 30700
484.0000 30747
485.0000 30800
486.0000 30626
487.0000 30386
488.0000 30798
489.0000 30489
490.0000 30468
491.0000 30680
492.0000 30651
493.0000 30630
494.0000 30573
495.0000 30765
496.0000 30729
497.0000 30633
498.0000 30435
499.0000 30571
500.0000 30536
501.0000 30720
502.0000 30704
503.0000 30589
504.0000 30544
505.0000 30820
506.0000 30737
507.0000 30564
508.0000 30583
509.0000 30763
510.0000 30753
511.0000 26881
