0.000000000000000000e+00,2.645868000000000000e+06
1.000000000000000000e+00,2.642542000000000000e+06
2.000000000000000000e+00,2.646822000000000000e+06
3.000000000000000000e+00,2.644369000000000000e+06
4.000000000000000000e+00,2.644623000000000000e+06
5.000000000000000000e+00,2.645934000000000000e+06
6.000000000000000000e+00,2.646236000000000000e+06
7.000000000000000000e+00,2.647084000000000000e+06
8.000000000000000000e+00,2.646306000000000000e+06
9.000000000000000000e+00,2.646119000000000000e+06
1.000000000000000000e+01,2.644816000000000000e+06
1.100000000000000000e+01,2.646347000000000000e+06
1.200000000000000000e+01,2.642560000000000000e+06
1.300000000000000000e+01,2.646739000000000000e+06
1.400000000000000000e+01,2.646564000000000000e+06
1.500000000000000000e+01,2.648583000000000000e+06
1.600000000000000000e+01,2.647877000000000000e+06
1.700000000000000000e+01,2.643079000000000000e+06
1.800000000000000000e+01,2.647251000000000000e+06
1.900000000000000000e+01,2.643849000000000000e+06
2.000000000000000000e+01,2.646658000000000000e+06
2.100000000000000000e+01,2.644926000000000000e+06
2.200000000000000000e+01,2.645933000000000000e+06
2.300000000000000000e+01,2.646365000000000000e+06
2.400000000000000000e+01,2.644696000000000000e+06
2.500000000000000000e+01,2.648036000000000000e+06
2.600000000000000000e+01,2.645683000000000000e+06
2.700000000000000000e+01,2.646274000000000000e+06
2.800000000000000000e+01,2.647347000000000000e+06
2.900000000000000000e+01,2.644149000000000000e+06
3.000000000000000000e+01,2.648525000000000000e+06
3.100000000000000000e+01,2.643930000000000000e+06
3.200000000000000000e+01,2.648859000000000000e+06
3.300000000000000000e+01,2.647739000000000000e+06
3.400000000000000000e+01,2.646026000000000000e+06
3.500000000000000000e+01,2.644747000000000000e+06
3.600000000000000000e+01,2.646833000000000000e+06
3.700000000000000000e+01,2.646570000000000000e+06
3.800000000000000000e+01,2.646943000000000000e+06
3.900000000000000000e+01,2.647385000000000000e+06
4.000000000000000000e+01,2.645897000000000000e+06
4.100000000000000000e+01,2.643212000000000000e+06
4.200000000000000000e+01,2.645828000000000000e+06
4.300000000000000000e+01,2.647891000000000000e+06
4.400000000000000000e+01,2.646789000000000000e+06
4.500000000000000000e+01,2.645477000000000000e+06
4.600000000000000000e+01,2.646830000000000000e+06
4.700000000000000000e+01,2.643097000000000000e+06
4.800000000000000000e+01,2.645755000000000000e+06
4.900000000000000000e+01,2.644009000000000000e+06
5.000000000000000000e+01,2.643772000000000000e+06
5.100000000000000000e+01,2.640491000000000000e+06
5.200000000000000000e+01,2.633715000000000000e+06
5.300000000000000000e+01,2.626070000000000000e+06
5.400000000000000000e+01,2.621722000000000000e+06
5.500000000000000000e+01,2.622577000000000000e+06
5.600000000000000000e+01,2.621411000000000000e+06
5.700000000000000000e+01,2.630302000000000000e+06
5.800000000000000000e+01,2.635769000000000000e+06
5.900000000000000000e+01,2.638650000000000000e+06
6.000000000000000000e+01,2.639942000000000000e+06
6.100000000000000000e+01,2.640551000000000000e+06
6.200000000000000000e+01,2.641478000000000000e+06
6.300000000000000000e+01,2.643399000000000000e+06
6.400000000000000000e+01,2.641680000000000000e+06
6.500000000000000000e+01,2.644231000000000000e+06
6.600000000000000000e+01,2.645537000000000000e+06
6.700000000000000000e+01,2.644275000000000000e+06
6.800000000000000000e+01,2.645053000000000000e+06
6.900000000000000000e+01,2.641750000000000000e+06
7.000000000000000000e+01,2.643930000000000000e+06
7.100000000000000000e+01,2.643236000000000000e+06
7.200000000000000000e+01,2.647372000000000000e+06
7.300000000000000000e+01,2.646095000000000000e+06
7.400000000000000000e+01,2.645647000000000000e+06
7.500000000000000000e+01,2.644686000000000000e+06
7.600000000000000000e+01,2.641807000000000000e+06
7.700000000000000000e+01,2.645504000000000000e+06
7.800000000000000000e+01,2.645718000000000000e+06
7.900000000000000000e+01,2.644352000000000000e+06
8.000000000000000000e+01,2.642711000000000000e+06
8.100000000000000000e+01,2.643401000000000000e+06
8.200000000000000000e+01,2.642127000000000000e+06
8.300000000000000000e+01,2.642198000000000000e+06
8.400000000000000000e+01,2.640473000000000000e+06
8.500000000000000000e+01,2.633365000000000000e+06
8.600000000000000000e+01,2.625752000000000000e+06
8.700000000000000000e+01,2.621440000000000000e+06
8.800000000000000000e+01,2.629356000000000000e+06
8.900000000000000000e+01,2.632888000000000000e+06
9.000000000000000000e+01,2.639731000000000000e+06
9.100000000000000000e+01,2.634266000000000000e+06
9.200000000000000000e+01,2.644635000000000000e+06
9.300000000000000000e+01,2.641348000000000000e+06
9.400000000000000000e+01,2.643809000000000000e+06
9.500000000000000000e+01,2.642364000000000000e+06
9.600000000000000000e+01,2.644351000000000000e+06
9.700000000000000000e+01,2.640983000000000000e+06
9.800000000000000000e+01,2.645545000000000000e+06
9.900000000000000000e+01,2.641818000000000000e+06
1.000000000000000000e+02,2.642861000000000000e+06
1.010000000000000000e+02,2.644892000000000000e+06
1.020000000000000000e+02,2.643978000000000000e+06
1.030000000000000000e+02,2.644164000000000000e+06
1.040000000000000000e+02,2.643724000000000000e+06
1.050000000000000000e+02,2.647032000000000000e+06
1.060000000000000000e+02,2.643760000000000000e+06
1.070000000000000000e+02,2.644594000000000000e+06
1.080000000000000000e+02,2.641187000000000000e+06
1.090000000000000000e+02,2.646373000000000000e+06
1.100000000000000000e+02,2.642029000000000000e+06
1.110000000000000000e+02,2.646354000000000000e+06
1.120000000000000000e+02,2.640779000000000000e+06
1.130000000000000000e+02,2.640451000000000000e+06
1.140000000000000000e+02,2.639457000000000000e+06
1.150000000000000000e+02,2.641648000000000000e+06
1.160000000000000000e+02,2.637535000000000000e+06
1.170000000000000000e+02,2.637781000000000000e+06
1.180000000000000000e+02,2.631104000000000000e+06
1.190000000000000000e+02,2.625610000000000000e+06
1.200000000000000000e+02,2.621794000000000000e+06
1.210000000000000000e+02,2.620924000000000000e+06
1.220000000000000000e+02,2.620814000000000000e+06
1.230000000000000000e+02,2.609606000000000000e+06
1.240000000000000000e+02,2.601076000000000000e+06
1.250000000000000000e+02,2.578241000000000000e+06
1.260000000000000000e+02,2.542954000000000000e+06
1.270000000000000000e+02,2.503807000000000000e+06
1.280000000000000000e+02,2.491003000000000000e+06
1.290000000000000000e+02,2.510703000000000000e+06
1.300000000000000000e+02,2.543795000000000000e+06
1.310000000000000000e+02,2.555277000000000000e+06
1.320000000000000000e+02,2.553164000000000000e+06
1.330000000000000000e+02,2.529279000000000000e+06
1.340000000000000000e+02,2.498044000000000000e+06
1.350000000000000000e+02,2.489632000000000000e+06
1.360000000000000000e+02,2.506527000000000000e+06
1.370000000000000000e+02,2.551394000000000000e+06
1.380000000000000000e+02,2.583955000000000000e+06
1.390000000000000000e+02,2.607579000000000000e+06
1.400000000000000000e+02,2.618690000000000000e+06
1.410000000000000000e+02,2.624644000000000000e+06
1.420000000000000000e+02,2.626422000000000000e+06
1.430000000000000000e+02,2.624983000000000000e+06
1.440000000000000000e+02,2.622018000000000000e+06
1.450000000000000000e+02,2.625934000000000000e+06
1.460000000000000000e+02,2.632727000000000000e+06
1.470000000000000000e+02,2.638509000000000000e+06
1.480000000000000000e+02,2.640533000000000000e+06
1.490000000000000000e+02,2.639726000000000000e+06
1.500000000000000000e+02,2.638664000000000000e+06
1.510000000000000000e+02,2.642104000000000000e+06
1.520000000000000000e+02,2.640200000000000000e+06
1.530000000000000000e+02,2.639741000000000000e+06
1.540000000000000000e+02,2.644481000000000000e+06
1.550000000000000000e+02,2.643068000000000000e+06
1.560000000000000000e+02,2.643107000000000000e+06
1.570000000000000000e+02,2.641495000000000000e+06
1.580000000000000000e+02,2.643564000000000000e+06
1.590000000000000000e+02,2.643248000000000000e+06
1.600000000000000000e+02,2.645387000000000000e+06
1.610000000000000000e+02,2.642534000000000000e+06
1.620000000000000000e+02,2.643663000000000000e+06
1.630000000000000000e+02,2.643548000000000000e+06
1.640000000000000000e+02,2.643863000000000000e+06
1.650000000000000000e+02,2.646056000000000000e+06
1.660000000000000000e+02,2.644796000000000000e+06
1.670000000000000000e+02,2.642173000000000000e+06
1.680000000000000000e+02,2.642052000000000000e+06
1.690000000000000000e+02,2.642273000000000000e+06
1.700000000000000000e+02,2.642238000000000000e+06
1.710000000000000000e+02,2.642156000000000000e+06
1.720000000000000000e+02,2.643440000000000000e+06
1.730000000000000000e+02,2.638963000000000000e+06
1.740000000000000000e+02,2.636605000000000000e+06
1.750000000000000000e+02,2.634034000000000000e+06
1.760000000000000000e+02,2.623796000000000000e+06
1.770000000000000000e+02,2.625031000000000000e+06
1.780000000000000000e+02,2.629290000000000000e+06
1.790000000000000000e+02,2.635983000000000000e+06
1.800000000000000000e+02,2.641801000000000000e+06
1.810000000000000000e+02,2.640479000000000000e+06
1.820000000000000000e+02,2.645091000000000000e+06
1.830000000000000000e+02,2.642729000000000000e+06
1.840000000000000000e+02,2.645349000000000000e+06
1.850000000000000000e+02,2.645030000000000000e+06
1.860000000000000000e+02,2.645040000000000000e+06
1.870000000000000000e+02,2.645987000000000000e+06
1.880000000000000000e+02,2.643528000000000000e+06
1.890000000000000000e+02,2.642761000000000000e+06
1.900000000000000000e+02,2.646305000000000000e+06
1.910000000000000000e+02,2.646523000000000000e+06
1.920000000000000000e+02,2.643223000000000000e+06
1.930000000000000000e+02,2.644273000000000000e+06
1.940000000000000000e+02,2.642811000000000000e+06
1.950000000000000000e+02,2.644828000000000000e+06
1.960000000000000000e+02,2.643517000000000000e+06
1.970000000000000000e+02,2.642303000000000000e+06
1.980000000000000000e+02,2.643826000000000000e+06
1.990000000000000000e+02,2.643478000000000000e+06
2.000000000000000000e+02,2.639895000000000000e+06
2.010000000000000000e+02,2.643537000000000000e+06
2.020000000000000000e+02,2.642967000000000000e+06
2.030000000000000000e+02,2.641288000000000000e+06
2.040000000000000000e+02,2.638202000000000000e+06
2.050000000000000000e+02,2.638703000000000000e+06
2.060000000000000000e+02,2.632830000000000000e+06
2.070000000000000000e+02,2.630112000000000000e+06
2.080000000000000000e+02,2.623526000000000000e+06
2.090000000000000000e+02,2.622291000000000000e+06
2.100000000000000000e+02,2.620369000000000000e+06
2.110000000000000000e+02,2.629382000000000000e+06
2.120000000000000000e+02,2.634251000000000000e+06
2.130000000000000000e+02,2.638786000000000000e+06
2.140000000000000000e+02,2.639734000000000000e+06
2.150000000000000000e+02,2.643749000000000000e+06
2.160000000000000000e+02,2.642270000000000000e+06
2.170000000000000000e+02,2.643134000000000000e+06
2.180000000000000000e+02,2.642806000000000000e+06
2.190000000000000000e+02,2.641532000000000000e+06
2.200000000000000000e+02,2.644619000000000000e+06
2.210000000000000000e+02,2.644748000000000000e+06
2.220000000000000000e+02,2.647411000000000000e+06
2.230000000000000000e+02,2.648443000000000000e+06
2.240000000000000000e+02,2.645765000000000000e+06
2.250000000000000000e+02,2.646890000000000000e+06
2.260000000000000000e+02,2.644103000000000000e+06
2.270000000000000000e+02,2.645845000000000000e+06
2.280000000000000000e+02,2.648273000000000000e+06
2.290000000000000000e+02,2.644918000000000000e+06
2.300000000000000000e+02,2.645114000000000000e+06
2.310000000000000000e+02,2.645327000000000000e+06
2.320000000000000000e+02,2.647352000000000000e+06
2.330000000000000000e+02,2.644489000000000000e+06
2.340000000000000000e+02,2.646878000000000000e+06
2.350000000000000000e+02,2.646358000000000000e+06
2.360000000000000000e+02,2.649586000000000000e+06
2.370000000000000000e+02,2.646109000000000000e+06
2.380000000000000000e+02,2.645848000000000000e+06
2.390000000000000000e+02,2.645660000000000000e+06
2.400000000000000000e+02,2.647032000000000000e+06
2.410000000000000000e+02,2.648337000000000000e+06
2.420000000000000000e+02,2.646895000000000000e+06
2.430000000000000000e+02,2.646284000000000000e+06
2.440000000000000000e+02,2.644922000000000000e+06
2.450000000000000000e+02,2.644776000000000000e+06
2.460000000000000000e+02,2.646930000000000000e+06
2.470000000000000000e+02,2.644169000000000000e+06
2.480000000000000000e+02,2.648215000000000000e+06
2.490000000000000000e+02,2.645097000000000000e+06
2.500000000000000000e+02,2.648101000000000000e+06
2.510000000000000000e+02,2.646290000000000000e+06
2.520000000000000000e+02,2.647571000000000000e+06
2.530000000000000000e+02,2.648336000000000000e+06
2.540000000000000000e+02,2.645611000000000000e+06
2.550000000000000000e+02,2.484204000000000000e+06
