0.0000 1388327
1.0000 1388340
2.0000 1388869
3.0000 1388708
4.0000 1389218
5.0000 1390419
6.0000 1387598
7.0000 1389590
8.0000 1388402
9.0000 1389619
10.0000 1388770
11.0000 1388767
12.0000 1389608
13.0000 1390336
14.0000 1391831
15.0000 1390085
16.0000 1387157
17.0000 1390184
18.0000 1390656
19.0000 1389039
20.0000 1388949
21.0000 1386807
22.0000 1389715
23.0000 1386852
24.0000 1386878
25.0000 1385496
26.0000 1383259
27.0000 1380191
28.0000 1376788
29.0000 1363979
30.0000 1343572
31.0000 1326074
32.0000 1342560
33.0000 1362986
34.0000 1374524
35.0000 1380762
36.0000 1383925
37.0000 1386013
38.0000 1386058
39.0000 1389048
40.0000 1388122
41.0000 1388587
42.0000 1388070
43.0000 1389711
44.0000 1389733
45.0000 1392066
46.0000 1389814
47.0000 1389661
48.0000 1390688
49.0000 1390432
50.0000 1389523
51.0000 1388270
52.0000 1388845
53.0000 1388786
54.0000 1390544
55.0000 1389492
56.0000 1389940
57.0000 1389231
58.0000 1389630
59.0000 1390850
60.0000 1388561
61.0000 1389759
62.0000 1388847
63.0000 1389957
64.0000 1389196
65.0000 1387689
66.0000 1387133
67.0000 1382266
68.0000 1372199
69.0000 1357803
70.0000 1346449
71.0000 1359568
72.0000 1376424
73.0000 1383980
74.0000 1386292
75.0000 1387686
76.0000 1390810
77.0000 1391393
78.0000 1389375
79.0000 1392847
80.0000 1391279
81.0000 1390787
82.0000 1388193
83.0000 1390804
84.0000 1390187
85.0000 1388943
86.0000 1391020
87.0000 1390884
88.0000 1392461
89.0000 1393430
90.0000 1390924
91.0000 1392151
92.0000 1392372
93.0000 1393722
94.0000 1391037
95.0000 1392506
96.0000 1392705
97.0000 1391369
98.0000 1390378
99.0000 1391154
100.0000 1390891
101.0000 1391593
102.0000 1390293
103.0000 1389696
104.0000 1389096
105.0000 1387489
106.0000 1389001
107.0000 1387122
108.0000 1379862
109.0000 1373605
110.0000 1368386
111.0000 1376471
112.0000 1383392
113.0000 1386122
114.0000 1388556
115.0000 1388950
116.0000 1391488
117.0000 1390994
118.0000 1392246
119.0000 1390904
120.0000 1391364
121.0000 1389440
122.0000 1389753
123.0000 1390973
124.0000 1388842
125.0000 1387948
126.0000 1385967
127.0000 1387937
128.0000 1388524
129.0000 1389268
130.0000 1385001
131.0000 1387794
132.0000 1387769
133.0000 1389061
134.0000 1389064
135.0000 1389449
136.0000 1390248
137.0000 1387242
138.0000 1386121
139.0000 1379445
140.0000 1370581
141.0000 1368871
142.0000 1379769
143.0000 1384982
144.0000 1390110
145.0000 1391292
146.0000 1391946
147.0000 1390657
148.0000 1391725
149.0000 1393450
150.0000 1391882
151.0000 1391688
152.0000 1391735
153.0000 1391121
154.0000 1390835
155.0000 1393795
156.0000 1391989
157.0000 1390763
158.0000 1391142
159.0000 1391871
160.0000 1389089
161.0000 1390725
162.0000 1388576
163.0000 1389790
164.0000 1390537
165.0000 1389981
166.0000 1391354
167.0000 1390998
168.0000 1391688
169.0000 1391921
170.0000 1392342
171.0000 1389672
172.0000 1388035
173.0000 1392331
174.0000 1387943
175.0000 1390129
176.0000 1385401
177.0000 1381092
178.0000 1377139
179.0000 1364740
180.0000 1346903
181.0000 1351255
182.0000 1372478
183.0000 1380879
184.0000 1386267
185.0000 1386946
186.0000 1389292
187.0000 1389111
188.0000 1391158
189.0000 1390302
190.0000 1391102
191.0000 1387537
192.0000 1390236
193.0000 1389772
194.0000 1391520
195.0000 1390853
196.0000 1389520
197.0000 1392623
198.0000 1391857
199.0000 1388207
200.0000 1390990
201.0000 1389918
202.0000 1389340
203.0000 1387170
204.0000 1387925
205.0000 1387645
206.0000 1389834
207.0000 1388673
208.0000 1389717
209.0000 1387912
210.0000 1391139
211.0000 1388607
212.0000 1390333
213.0000 1388440
214.0000 1385733
215.0000 1386159
216.0000 1382029
217.0000 1379082
218.0000 1373661
219.0000 1361510
220.0000 1340284
221.0000 1325361
222.0000 1344024
223.0000 1366132
224.0000 1377344
225.0000 1381510
226.0000 1384709
227.0000 1384998
228.0000 1386018
229.0000 1389333
230.0000 1387226
231.0000 1389571
232.0000 1389806
233.0000 1386748
234.0000 1389416
235.0000 1390141
236.0000 1388855
237.0000 1388920
238.0000 1387735
239.0000 1389275
240.0000 1388822
241.0000 1387942
242.0000 1386541
243.0000 1388822
244.0000 1385649
245.0000 1389798
246.0000 1388942
247.0000 1389522
248.0000 1388697
249.0000 1390015
250.0000 1389751
251.0000 1392134
252.0000 1389527
253.0000 1385863
254.0000 1388650
255.0000 1388456
256.0000 1388367
257.0000 1387666
258.0000 1387937
259.0000 1388026
260.0000 1389986
261.0000 1389676
262.0000 1388304
263.0000 1389067
264.0000 1388202
265.0000 1386008
266.0000 1388693
267.0000 1388594
268.0000 1388509
269.0000 1388147
270.0000 1387372
271.0000 1388607
272.0000 1387167
273.0000 1388390
274.0000 1388481
275.0000 1390443
276.0000 1390223
277.0000 1388363
278.0000 1386583
279.0000 1387004
280.0000 1386382
281.0000 1388596
282.0000 1387545
283.0000 1387306
284.0000 1385205
285.0000 1386933
286.0000 1384765
287.0000 1384052
288.0000 1380156
289.0000 1377888
290.0000 1374574
291.0000 1363806
292.0000 1346190
293.0000 1323684
294.0000 1336598
295.0000 1358466
296.0000 1370902
297.0000 1376299
298.0000 1381159
299.0000 1382706
300.0000 1386432
301.0000 1385565
302.0000 1383363
303.0000 1385958
304.0000 1386311
305.0000 1385123
306.0000 1383761
307.0000 1386229
308.0000 1385868
309.0000 1383400
310.0000 1384492
311.0000 1383328
312.0000 1385978
313.0000 1385048
314.0000 1387371
315.0000 1385102
316.0000 1388623
317.0000 1386244
318.0000 1385766
319.0000 1385454
320.0000 1385613
321.0000 1386915
322.0000 1386926
323.0000 1382198
324.0000 1386174
325.0000 1384414
326.0000 1385325
327.0000 1382791
328.0000 1382470
329.0000 1377287
330.0000 1369232
331.0000 1348386
332.0000 1341262
333.0000 1356035
334.0000 1370578
335.0000 1377467
336.0000 1379167
337.0000 1380305
338.0000 1385082
339.0000 1385262
340.0000 1383824
341.0000 1384844
342.0000 1384186
343.0000 1382747
344.0000 1386675
345.0000 1384451
346.0000 1383142
347.0000 1384573
348.0000 1386417
349.0000 1387087
350.0000 1385557
351.0000 1385607
352.0000 1385461
353.0000 1388154
354.0000 1384165
355.0000 1386425
356.0000 1386539
357.0000 1386001
358.0000 1384911
359.0000 1386361
360.0000 1384183
361.0000 1386987
362.0000 1386337
363.0000 1386617
364.0000 1384909
365.0000 1385687
366.0000 1385302
367.0000 1384562
368.0000 1382691
369.0000 1378756
370.0000 1377084
371.0000 1366691
372.0000 1359381
373.0000 1366343
374.0000 1374242
375.0000 1379458
376.0000 1380162
377.0000 1382428
378.0000 1382855
379.0000 1381527
380.0000 1382906
381.0000 1381860
382.0000 1382148
383.0000 1383177
384.0000 1382613
385.0000 1381059
386.0000 1381897
387.0000 1381295
388.0000 1379900
389.0000 1383749
390.0000 1384957
391.0000 1384467
392.0000 1385103
393.0000 1385839
394.0000 1384098
395.0000 1382462
396.0000 1384488
397.0000 1383077
398.0000 1382762
399.0000 1380820
400.0000 1378971
401.0000 1373320
402.0000 1365186
403.0000 1363988
404.0000 1374118
405.0000 1379337
406.0000 1382184
407.0000 1383933
408.0000 1384840
409.0000 1384930
410.0000 1384053
411.0000 1386102
412.0000 1384397
413.0000 1386878
414.0000 1386524
415.0000 1385537
416.0000 1384221
417.0000 1385387
418.0000 1384477
419.0000 1384281
420.0000 1388447
421.0000 1385346
422.0000 1387172
423.0000 1386569
424.0000 1386211
425.0000 1382890
426.0000 1384227
427.0000 1384665
428.0000 1385445
429.0000 1384689
430.0000 1384813
431.0000 1387120
432.0000 1385038
433.0000 1384621
434.0000 1385768
435.0000 1384095
436.0000 1381469
437.0000 1385965
438.0000 1379872
439.0000 1376921
440.0000 1370822
441.0000 1358392
442.0000 1339301
443.0000 1347461
444.0000 1364196
445.0000 1375930
446.0000 1378290
447.0000 1380473
448.0000 1383707
449.0000 1384749
450.0000 1384420
451.0000 1386447
452.0000 1388326
453.0000 1388339
454.0000 1385011
455.0000 1384403
456.0000 1385630
457.0000 1386293
458.0000 1384639
459.0000 1385445
460.0000 1384718
461.0000 1385101
462.0000 1383767
463.0000 1384277
464.0000 1385873
465.0000 1386418
466.0000 1384846
467.0000 1386491
468.0000 1387204
469.0000 1386103
470.0000 1388688
471.0000 1385652
472.0000 1385875
473.0000 1386119
474.0000 1387073
475.0000 1382713
476.0000 1382562
477.0000 1378714
478.0000 1380578
479.0000 1378290
480.0000 1373119
481.0000 1364199
482.0000 1343717
483.0000 1324926
484.0000 1333981
485.0000 1357977
486.0000 1371904
487.0000 1377867
488.0000 1382597
489.0000 1383932
490.0000 1383209
491.0000 1386722
492.0000 1385000
493.0000 1387898
494.0000 1386804
495.0000 1386596
496.0000 1386559
497.0000 1388672
498.0000 1387261
499.0000 1388184
500.0000 1389489
501.0000 1389355
502.0000 1387317
503.0000 1386551
504.0000 1388059
505.0000 1389591
506.0000 1387696
507.0000 1391214
508.0000 1388582
509.0000 1388944
510.0000 1385611
511.0000 1215915
