0.0000 533338
1.0000 533864
2.0000 534473
3.0000 533341
4.0000 532554
5.0000 533984
6.0000 533487
7.0000 532652
8.0000 533443
9.0000 532446
10.0000 533249
11.0000 532910
12.0000 532964
13.0000 533365
14.0000 533602
15.0000 533182
16.0000 532876
17.0000 534201
18.0000 533108
19.0000 532384
20.0000 533075
21.0000 533695
22.0000 533857
23.0000 532410
24.0000 532884
25.0000 533943
26.0000 533724
27.0000 533001
28.0000 533240
29.0000 532440
30.0000 533743
31.0000 534515
32.0000 533954
33.0000 533143
34.0000 533445
35.0000 533440
36.0000 534064
37.0000 534077
38.0000 533202
39.0000 533710
40.0000 533626
41.0000 532340
42.0000 533872
43.0000 532672
44.0000 533483
45.0000 532840
46.0000 530978
47.0000 531303
48.0000 528658
49.0000 523019
50.0000 515107
51.0000 513383
52.0000 521746
53.0000 527272
54.0000 529201
55.0000 531275
56.0000 531761
57.0000 532416
58.0000 532249
59.0000 531246
60.0000 533745
61.0000 533236
62.0000 533845
63.0000 535037
64.0000 534643
65.0000 533899
66.0000 533622
67.0000 534102
68.0000 534218
69.0000 533549
70.0000 533611
71.0000 533743
72.0000 533259
73.0000 534257
74.0000 532946
75.0000 532117
76.0000 531470
77.0000 530652
78.0000 530972
79.0000 530855
80.0000 527711
81.0000 522495
82.0000 519156
83.0000 524249
84.0000 527204
85.0000 531329
86.0000 531307
87.0000 532388
88.0000 531414
89.0000 533625
90.0000 534891
91.0000 532936
92.0000 534471
93.0000 535327
94.0000 533957
95.0000 533473
96.0000 534809
97.0000 532765
98.0000 533074
99.0000 533763
100.0000 533588
101.0000 533137
102.0000 533758
103.0000 534750
104.0000 534014
105.0000 535639
106.0000 533945
107.0000 533122
108.0000 534435
109.0000 533213
110.0000 532267
111.0000 533267
112.0000 530983
113.0000 528723
114.0000 526542
115.0000 528303
116.0000 531048
117.0000 531425
118.0000 533210
119.0000 532533
120.0000 533455
121.0000 534555
122.0000 533473
123.0000 533895
124.0000 532526
125.0000 532261
126.0000 532971
127.0000 532726
128.0000 531907
129.0000 533573
130.0000 532922
131.0000 532850
132.0000 533445
133.0000 532143
134.0000 532528
135.0000 531416
136.0000 533549
137.0000 530908
138.0000 527513
139.0000 525810
140.0000 528821
141.0000 530918
142.0000 532270
143.0000 532286
144.0000 532259
145.0000 533033
146.0000 534474
147.0000 533078
148.0000 534125
149.0000 535477
150.0000 534320
151.0000 533774
152.0000 534333
153.0000 534367
154.0000 533618
155.0000 532929
156.0000 534840
157.0000 532938
158.0000 533412
159.0000 533288
160.0000 533506
161.0000 533278
162.0000 533731
163.0000 533350
164.0000 531912
165.0000 532600
166.0000 532394
167.0000 531816
168.0000 531415
169.0000 528833
170.0000 523389
171.0000 519414
172.0000 520618
173.0000 525901
174.0000 531041
175.0000 531238
176.0000 534245
177.0000 531718
178.0000 532251
179.0000 532996
180.0000 532075
181.0000 532891
182.0000 532693
183.0000 533668
184.0000 532313
185.0000 532824
186.0000 533689
187.0000 533284
188.0000 534177
189.0000 535371
190.0000 532698
191.0000 533445
192.0000 533114
193.0000 533820
194.0000 533919
195.0000 531921
196.0000 531004
197.0000 533271
198.0000 530128
199.0000 531324
200.0000 529100
201.0000 526974
202.0000 520780
203.0000 513241
204.0000 513646
205.0000 522300
206.0000 527520
207.0000 530573
208.0000 532255
209.0000 533243
210.0000 531290
211.0000 533508
212.0000 532127
213.0000 531383
214.0000 534535
215.0000 534564
216.0000 532120
217.0000 532353
218.0000 533708
219.0000 534358
220.0000 531553
221.0000 532964
222.0000 532860
223.0000 533843
224.0000 532277
225.0000 533408
226.0000 534557
227.0000 532671
228.0000 532757
229.0000 534093
230.0000 534123
231.0000 533748
232.0000 534506
233.0000 534240
234.0000 532410
235.0000 533398
236.0000 534053
237.0000 532481
238.0000 532920
239.0000 534519
240.0000 534356
241.0000 532979
242.0000 531671
243.0000 532688
244.0000 533507
245.0000 533728
246.0000 533696
247.0000 533088
248.0000 534142
249.0000 532653
250.0000 533285
251.0000 533789
252.0000 533658
253.0000 532370
254.0000 532947
255.0000 533686
256.0000 532025
257.0000 534042
258.0000 532002
259.0000 534241
260.0000 532904
261.0000 533332
262.0000 533020
263.0000 534252
264.0000 532940
265.0000 532589
266.0000 532739
267.0000 532658
268.0000 531666
269.0000 533111
270.0000 532569
271.0000 531552
272.0000 533348
273.0000 532341
274.0000 532061
275.0000 531384
276.0000 532936
277.0000 532258
278.0000 532518
279.0000 532664
280.0000 532437
281.0000 533101
282.0000 532889
283.0000 532924
284.0000 532236
285.0000 533316
286.0000 532202
287.0000 533515
288.0000 532885
289.0000 532110
290.0000 532143
291.0000 532228
292.0000 532849
293.0000 532798
294.0000 532315
295.0000 531549
296.0000 532213
297.0000 531424
298.0000 531268
299.0000 531999
300.0000 531796
301.0000 533595
302.0000 532702
303.0000 531208
304.0000 530978
305.0000 532184
306.0000 529669
307.0000 528529
308.0000 522355
309.0000 515322
310.0000 510770
311.0000 518219
312.0000 524499
313.0000 528149
314.0000 530232
315.0000 530273
316.0000 530954
317.0000 530036
318.0000 529947
319.0000 532001
320.0000 531438
321.0000 530648
322.0000 530746
323.0000 531337
324.0000 531826
325.0000 532051
326.0000 531989
327.0000 532352
328.0000 531514
329.0000 530702
330.0000 530085
331.0000 530136
332.0000 531596
333.0000 530660
334.0000 530728
335.0000 530002
336.0000 530324
337.0000 530184
338.0000 529559
339.0000 527338
340.0000 521176
341.0000 515866
342.0000 520363
343.0000 525654
344.0000 528003
345.0000 528637
346.0000 530352
347.0000 528748
348.0000 530838
349.0000 530431
350.0000 531405
351.0000 531891
352.0000 531140
353.0000 529748
354.0000 532064
355.0000 533039
356.0000 529147
357.0000 532352
358.0000 531862
359.0000 531382
360.0000 530704
361.0000 531975
362.0000 530509
363.0000 530884
364.0000 531868
365.0000 532702
366.0000 531501
367.0000 531942
368.0000 531076
369.0000 531721
370.0000 530663
371.0000 528804
372.0000 527685
373.0000 522348
374.0000 524064
375.0000 526357
376.0000 527888
377.0000 529544
378.0000 529514
379.0000 530353
380.0000 530761
381.0000 530900
382.0000 530863
383.0000 529526
384.0000 529593
385.0000 529943
386.0000 530280
387.0000 528597
388.0000 530723
389.0000 529863
390.0000 530321
391.0000 530913
392.0000 530601
393.0000 529934
394.0000 530572
395.0000 529562
396.0000 530641
397.0000 526054
398.0000 523649
399.0000 526282
400.0000 526763
401.0000 530567
402.0000 529966
403.0000 531793
404.0000 530421
405.0000 532039
406.0000 530899
407.0000 532016
408.0000 531244
409.0000 530609
410.0000 531436
411.0000 530756
412.0000 531606
413.0000 530674
414.0000 532335
415.0000 531761
416.0000 530879
417.0000 530705
418.0000 530793
419.0000 530207
420.0000 531387
421.0000 530889
422.0000 532592
423.0000 530374
424.0000 531419
425.0000 529563
426.0000 531411
427.0000 529784
428.0000 527285
429.0000 523153
430.0000 517872
431.0000 517561
432.0000 523313
433.0000 527233
434.0000 528854
435.0000 529386
436.0000 531030
437.0000 529997
438.0000 532099
439.0000 530021
440.0000 532703
441.0000 531690
442.0000 530839
443.0000 531627
444.0000 531180
445.0000 531149
446.0000 532409
447.0000 531945
448.0000 532837
449.0000 531917
450.0000 531623
451.0000 531795
452.0000 531217
453.0000 530377
454.0000 531541
455.0000 529757
456.0000 530956
457.0000 530577
458.0000 529212
459.0000 528383
460.0000 526522
461.0000 522046
462.0000 514659
463.0000 512420
464.0000 519575
465.0000 525326
466.0000 528381
467.0000 530811
468.0000 530436
469.0000 531372
470.0000 531487
471.0000 531423
472.0000 532256
473.0000 531482
474.0000 532809
475.0000 532234
476.0000 531526
477.0000 531442
478.0000 531296
479.0000 532749
480.0000 531937
481.0000 532219
482.0000 531648
483.0000 532594
484.0000 532474
485.0000 532087
486.0000 531361
487.0000 533441
488.0000 532750
489.0000 531980
490.0000 532218
491.0000 531915
492.0000 533081
493.0000 532720
494.0000 532877
495.0000 533640
496.0000 534568
497.0000 532691
498.0000 532386
499.0000 532375
500.0000 532142
501.0000 532707
502.0000 532747
503.0000 532454
504.0000 532922
505.0000 532887
506.0000 532580
507.0000 533350
508.0000 531694
509.0000 532429
510.0000 533091
511.0000 467814
