0.0000 589181
1.0000 588929
2.0000 588847
3.0000 588050
4.0000 589028
5.0000 588518
6.0000 589800
7.0000 589120
8.0000 588399
9.0000 588580
10.0000 589536
11.0000 588367
12.0000 589752
13.0000 588991
14.0000 589333
15.0000 590255
16.0000 588140
17.0000 588503
18.0000 589912
19.0000 589834
20.0000 589262
21.0000 590047
22.0000 589559
23.0000 589545
24.0000 590221
25.0000 589102
26.0000 589156
27.0000 588918
28.0000 588630
29.0000 588204
30.0000 589145
31.0000 588494
32.0000 589962
33.0000 588726
34.0000 590044
35.0000 587664
36.0000 588554
37.0000 589751
38.0000 589708
39.0000 589060
40.0000 590392
41.0000 590888
42.0000 590324
43.0000 589793
44.0000 588951
45.0000 589261
46.0000 590216
47.0000 591088
48.0000 589561
49.0000 589748
50.0000 589540
51.0000 589086
52.0000 590164
53.0000 589812
54.0000 589680
55.0000 589968
56.0000 590774
57.0000 590005
58.0000 589280
59.0000 591560
60.0000 590826
61.0000 591072
62.0000 589428
63.0000 589089
64.0000 590173
65.0000 591006
66.0000 591287
67.0000 589688
68.0000 588987
69.0000 589119
70.0000 590480
71.0000 588614
72.0000 590318
73.0000 588673
74.0000 591167
75.0000 589076
76.0000 589102
77.0000 589395
78.0000 589528
79.0000 589737
80.0000 590111
81.0000 588608
82.0000 589771
83.0000 590504
84.0000 589696
85.0000 589173
86.0000 589949
87.0000 589527
88.0000 587353
89.0000 588801
90.0000 587819
91.0000 585790
92.0000 584349
93.0000 581122
94.0000 575643
95.0000 573010
96.0000 575582
97.0000 580640
98.0000 583730
99.0000 585503
100.0000 584973
101.0000 586454
102.0000 587202
103.0000 587617
104.0000 586815
105.0000 587451
106.0000 585572
107.0000 581787
108.0000 577221
109.0000 576504
110.0000 579860
111.0000 583807
112.0000 585937
113.0000 587375
114.0000 588289
115.0000 589896
116.0000 589031
117.0000 587740
118.0000 587860
119.0000 588457
120.0000 585047
121.0000 584734
122.0000 582716
123.0000 578490
124.0000 580241
125.0000 581896
126.0000 585300
127.0000 585127
128.0000 585025
129.0000 585402
130.0000 583424
131.0000 584614
132.0000 582484
133.0000 579210
134.0000 581922
135.0000 584165
136.0000 584235
137.0000 585625
138.0000 586873
139.0000 587909
140.0000 588952
141.0000 587128
142.0000 587579
143.0000 587022
144.0000 585879
145.0000 582968
146.0000 578274
147.0000 575640
148.0000 579401
149.0000 584916
150.0000 585470
151.0000 588082
152.0000 587515
153.0000 587721
154.0000 588280
155.0000 587396
156.0000 587031
157.0000 584607
158.0000 583594
159.0000 580100
160.0000 573642
161.0000 571044
162.0000 576925
163.0000 582709
164.0000 584802
165.0000 585788
166.0000 587471
167.0000 588381
168.0000 589223
169.0000 589189
170.0000 590954
171.0000 589183
172.0000 590409
173.0000 589163
174.0000 590041
175.0000 589588
176.0000 589480
177.0000 591154
178.0000 589048
179.0000 588211
180.0000 590789
181.0000 589663
182.0000 589509
183.0000 590547
184.0000 590518
185.0000 589916
186.0000 590122
187.0000 589044
188.0000 590250
189.0000 590264
190.0000 589115
191.0000 591011
192.0000 590396
193.0000 589959
194.0000 590154
195.0000 590783
196.0000 591624
197.0000 590048
198.0000 589884
199.0000 589397
200.0000 589621
201.0000 589828
202.0000 589352
203.0000 590122
204.0000 588922
205.0000 590069
206.0000 588650
207.0000 589914
208.0000 590450
209.0000 588547
210.0000 588498
211.0000 589200
212.0000 589359
213.0000 588636
214.0000 589565
215.0000 589773
216.0000 589873
217.0000 588605
218.0000 591301
219.0000 589486
220.0000 590131
221.0000 589584
222.0000 587862
223.0000 588042
224.0000 588636
225.0000 590056
226.0000 588806
227.0000 587660
228.0000 589609
229.0000 589909
230.0000 589340
231.0000 589158
232.0000 587932
233.0000 589906
234.0000 589499
235.0000 588943
236.0000 588080
237.0000 588690
238.0000 589310
239.0000 589834
240.0000 589808
241.0000 589372
242.0000 589313
243.0000 589851
244.0000 588480
245.0000 589678
246.0000 591024
247.0000 588645
248.0000 587981
249.0000 589717
250.0000 588484
251.0000 589169
252.0000 587313
253.0000 588997
254.0000 588066
255.0000 588755
256.0000 588141
257.0000 588052
258.0000 589177
259.0000 589183
260.0000 589949
261.0000 588349
262.0000 588985
263.0000 590086
264.0000 587822
265.0000 587768
266.0000 588611
267.0000 588249
268.0000 587524
269.0000 588461
270.0000 589197
271.0000 588372
272.0000 587964
273.0000 587480
274.0000 588094
275.0000 588686
276.0000 587725
277.0000 587839
278.0000 589208
279.0000 588997
280.0000 587814
281.0000 586865
282.0000 587566
283.0000 588651
284.0000 587977
285.0000 588643
286.0000 588579
287.0000 586737
288.0000 589640
289.0000 587408
290.0000 587195
291.0000 587453
292.0000 587594
293.0000 588185
294.0000 587726
295.0000 587544
296.0000 588436
297.0000 587827
298.0000 588249
299.0000 587298
300.0000 589049
301.0000 587880
302.0000 587741
303.0000 587383
304.0000 587389
305.0000 586913
306.0000 587628
307.0000 589885
308.0000 589100
309.0000 587804
310.0000 589435
311.0000 588132
312.0000 588744
313.0000 587267
314.0000 589004
315.0000 586342
316.0000 587604
317.0000 587979
318.0000 588333
319.0000 587511
320.0000 587743
321.0000 587181
322.0000 587352
323.0000 585765
324.0000 587465
325.0000 588666
326.0000 587241
327.0000 588044
328.0000 587961
329.0000 588111
330.0000 587493
331.0000 587273
332.0000 587301
333.0000 587809
334.0000 586717
335.0000 588762
336.0000 587862
337.0000 587615
338.0000 587431
339.0000 587985
340.0000 586392
341.0000 585547
342.0000 586345
343.0000 585997
344.0000 586095
345.0000 585345
346.0000 585036
347.0000 584648
348.0000 582915
349.0000 581674
350.0000 576267
351.0000 570306
352.0000 569982
353.0000 574311
354.0000 580635
355.0000 582748
356.0000 583105
357.0000 585041
358.0000 585109
359.0000 585028
360.0000 586264
361.0000 584650
362.0000 583693
363.0000 581499
364.0000 577466
365.0000 575539
366.0000 575687
367.0000 579200
368.0000 582674
369.0000 584369
370.0000 585791
371.0000 582683
372.0000 584221
373.0000 584169
374.0000 584756
375.0000 583579
376.0000 582937
377.0000 580137
378.0000 579024
379.0000 578355
380.0000 578674
381.0000 579720
382.0000 580628
383.0000 581472
384.0000 582716
385.0000 582513
386.0000 581945
387.0000 579865
388.0000 578096
389.0000 576431
390.0000 579052
391.0000 579756
392.0000 583868
393.0000 584086
394.0000 586109
395.0000 585611
396.0000 585243
397.0000 585176
398.0000 585543
399.0000 585541
400.0000 584282
401.0000 581764
402.0000 578098
403.0000 572653
404.0000 573594
405.0000 579145
406.0000 582189
407.0000 581928
408.0000 584108
409.0000 584578
410.0000 585407
411.0000 585248
412.0000 583808
413.0000 584067
414.0000 580974
415.0000 578994
416.0000 573827
417.0000 569515
418.0000 570581
419.0000 575587
420.0000 581187
421.0000 583993
422.0000 584520
423.0000 584618
424.0000 585841
425.0000 584639
426.0000 585191
427.0000 586929
428.0000 586129
429.0000 586642
430.0000 586223
431.0000 586881
432.0000 586110
433.0000 587007
434.0000 587148
435.0000 587716
436.0000 586135
437.0000 588399
438.0000 587499
439.0000 589253
440.0000 587503
441.0000 587107
442.0000 588392
443.0000 587357
444.0000 588016
445.0000 586557
446.0000 587777
447.0000 586558
448.0000 587166
449.0000 586933
450.0000 588273
451.0000 588755
452.0000 588626
453.0000 587304
454.0000 587495
455.0000 586981
456.0000 588709
457.0000 589203
458.0000 587517
459.0000 589337
460.0000 588199
461.0000 587790
462.0000 586909
463.0000 587439
464.0000 586720
465.0000 587226
466.0000 588341
467.0000 588156
468.0000 589114
469.0000 588477
470.0000 589048
471.0000 587319
472.0000 587029
473.0000 587716
474.0000 588747
475.0000 587871
476.0000 588113
477.0000 588884
478.0000 588000
479.0000 588774
480.0000 588488
481.0000 587704
482.0000 588594
483.0000 587360
484.0000 588871
485.0000 588576
486.0000 586835
487.0000 587188
488.0000 587794
489.0000 589024
490.0000 587760
491.0000 587935
492.0000 589448
493.0000 587599
494.0000 588292
495.0000 588967
496.0000 588687
497.0000 588598
498.0000 588818
499.0000 587978
500.0000 589046
501.0000 588155
502.0000 588446
503.0000 588613
504.0000 590889
505.0000 589028
506.0000 589751
507.0000 589419
508.0000 588805
509.0000 587221
510.0000 588495
511.0000 516265
