$SPEC_ID:
No sample description was entered.
$SPEC_REM:
DET# 1
DETDESC# 293-PC0315 MCB 25
AP# Maestro Version 6.08
$DATE_MEA:
03/11/2020 15:51:00
$MEAS_TIM:
537 538
$DATA:
0 2047
       0
       0
       1
       1
       3
      15
      83
     215
     128
      37
       6
       4
       0
       0
       2
       0
       0
       0
       0
       0
       0
       1
       0
       0
       1
       1
       0
       0
       1
       0
       0
       0
       1
       0
       1
       0
       0
       0
       1
       0
       1
       0
       0
       0
       0
       0
       0
       0
       0
       1
       1
       0
       0
       0
       0
       0
       0
       0
       0
       1
       0
       0
       0
       0
       0
       0
       0
       0
       1
       0
       0
       0
       0
       1
       0
       1
       1
       1
       0
       1
       0
       0
       0
       0
       0
       0
       0
       0
       2
       0
       0
       0
       0
       0
       0
       1
       1
       0
       0
       0
       0
       0
       0
       1
       0
       1
       2
       0
       1
       1
       0
       0
       1
       0
       1
       0
       1
       0
       1
       1
       0
       1
       1
       0
       1
       1
       1
       0
       0
       0
       1
       0
       1
       0
       0
       0
       0
       0
       0
       0
       3
       1
       0
       2
       0
       1
       0
       0
       0
       0
       0
       1
       0
       0
       1
       2
       0
       3
       1
       1
       1
       1
       0
       1
       0
       0
       1
       0
       2
       0
       1
       1
       0
       0
       0
       1
       0
       0
       1
       0
       2
       2
       3
       2
       1
       0
       1
       0
       0
       1
       0
       1
       2
       1
       1
       2
       1
       1
       1
       2
       2
       1
       0
       1
       4
       2
       2
       1
       2
       2
       1
       2
       0
       1
       1
       2
       2
       0
       1
       3
       0
       2
       1
       2
       3
       5
       1
       1
       1
       0
       3
       0
       3
       1
       1
       3
       1
       2
       3
       2
       3
       4
       5
       0
       1
       3
       3
       3
       4
       5
       2
       2
       7
       5
       3
       6
       3
       7
       3
       5
       3
       7
       3
       6
       3
       4
       5
       4
      13
       3
       1
       4
       7
       6
       4
       6
       9
       6
       5
       4
       4
       7
       8
      10
      14
      14
       8
       5
       7
      14
      10
      14
       6
       6
       6
       5
      12
       3
       4
       6
       3
       5
       6
       8
       4
       5
       6
       7
       6
       7
       1
       4
       5
       4
       4
       3
       3
       3
       2
       1
       1
       2
       4
       4
       2
       3
       0
       0
       1
       0
       4
       1
       1
       1
       1
       0
       1
       2
       1
       1
       1
       2
       0
       1
       0
       0
       2
       2
       0
       1
       0
       0
       0
       0
       0
       1
       1
       0
       0
       1
       1
       0
       0
       0
       0
       0
       0
       0
       0
       2
       1
       0
       0
       0
       0
       0
       0
       1
       0
       3
       1
       0
       1
       0
       0
       1
       0
       2
       0
       2
       0
       0
       0
       0
       1
       1
       0
       0
       2
       0
       0
       0
       1
       0
       1
       1
       0
       0
       0
       0
       1
       0
       2
       1
       2
       0
       1
       0
       0
       2
       0
       0
       2
       0
       0
       0
       0
       0
       2
       1
       1
       0
       0
       1
       1
       0
       1
       1
       0
       0
       0
       0
       1
       0
       1
       1
       1
       2
       1
       1
       1
       1
       0
       2
       2
       0
       1
       3
       0
       0
       1
       1
       0
       1
       0
       3
       0
       3
       3
       1
       1
       1
       2
       3
       1
       2
       2
       2
       1
       2
       1
       5
       2
       4
       1
       1
       2
       3
       1
       1
       4
       0
       3
       4
       2
       5
       3
       6
       3
       5
       2
       2
       1
       1
       0
       4
       4
       5
       7
       4
       4
       6
       2
       2
       5
       3
       3
       7
      12
       4
       5
       8
       4
       1
       0
       6
       7
       6
       9
       6
       2
      12
       6
       9
      13
       5
       8
       5
      10
       3
       6
       5
       5
       4
       9
       1
       3
       6
       2
       2
       3
       2
       0
       3
       1
       1
       0
       1
       2
       4
       0
       1
       1
       2
       1
       2
       0
       0
       0
       0
       0
       1
       0
       1
       1
       0
       0
       0
       1
       0
       0
       2
       1
       0
       1
       1
       0
       1
       0
       0
       0
       0
       0
       0
       0
       0
       1
       0
       0
       0
       0
       0
       0
       2
       0
       1
       1
       1
       3
       1
       0
       0
       1
       1
       0
       1
       1
       0
       0
       1
       1
       2
       0
       0
       1
       0
       0
       3
       1
       0
       1
       0
       0
       0
       0
       1
       0
       1
       0
       0
       0
       1
       1
       1
       0
       0
       0
       1
       0
       0
       0
       2
       0
       3
       1
       0
       0
       0
       0
       0
       1
       3
       1
       1
       1
       0
       3
       1
       1
       0
       0
       1
       0
       0
       0
       1
       0
       1
       0
       2
       1
       2
       0
       4
       1
       1
       1
       0
       0
       1
       4
       0
       2
       1
       0
       1
       3
       3
       3
       1
       0
       0
       1
       4
       0
       3
       0
       2
       1
       0
       3
       0
       5
       0
       0
       2
       1
       3
       1
       1
       1
       4
       3
       1
       4
       4
       3
       4
       3
       4
       3
       2
       2
       3
       6
       4
       1
       5
       4
       2
       7
       9
       3
       3
       8
       4
       5
       6
       4
       2
       3
       3
       7
       8
       8
       8
       3
       6
       5
       3
      10
       3
       7
       5
       3
       3
       4
       7
       5
       4
       5
       5
       4
       3
       3
      14
       5
       3
       6
       3
       7
       6
       3
       0
       4
       0
       0
       0
       0
       2
       1
       1
       1
       1
       0
       0
       3
       1
       1
       0
       0
       0
       0
       1
       0
       1
       0
       0
       0
       1
       2
       2
       0
       1
       2
       0
       1
       2
       0
       3
       1
       1
       0
       2
       0
       2
       0
       4
       1
       1
       2
       2
       1
       0
       1
       1
       3
       3
       2
       1
       3
       2
       1
       2
       2
       1
       2
       0
       1
       2
       3
       3
       0
       1
       4
       2
       0
       2
       5
       2
       1
       2
       1
       1
       0
       2
       4
       1
       2
       2
       4
       1
       8
       4
       4
       3
       3
       9
       7
       2
       2
       1
       4
       3
       9
       6
       4
       3
       8
       3
       9
       1
       8
       4
       8
       6
       7
       3
       3
      11
       7
       7
      11
       3
       8
      10
       5
      10
      11
      13
       9
       7
       9
      11
       7
      10
       8
      12
      12
       6
       5
       7
       5
       4
       5
       3
       3
       4
       1
       1
       2
       1
       1
       2
       0
       0
       0
       0
       0
       0
       0
       0
       0
       0
       0
       0
       0
       0
       0
       0
       0
       0
       0
       0
       0
       0
       0
       0
       0
       0
       0
       0
       0
       0
       0
       0
       0
       0
       0
       0
       0
       0
       0
       0
       0
       0
       0
       0
       0
       0
       0
       0
       0
       0
       0
       0
       0
       0
       0
       0
       0
       0
       0
       0
       0
       0
       0
       0
       0
       0
       0
       0
       0
       0
       0
       0
       0
       0
       0
       0
       0
       0
       0
       0
       0
       0
       0
       0
       0
       0
       0
       0
       0
       0
       0
       0
       0
       0
       0
       0
       0
       0
       0
       0
       0
       0
       0
       0
       0
       0
       0
       0
       0
       0
       0
       0
       0
       0
       0
       0
       0
       0
       0
       0
       0
       0
       0
       0
       0
       0
       0
       0
       0
       0
       0
       0
       0
       0
       0
       0
       0
       0
       0
       0
       0
       0
       0
       0
       0
       0
       0
       0
       0
       0
       0
       0
       0
       0
       0
       0
       0
       0
       0
       0
       0
       0
       0
       0
       0
       0
       0
       0
       0
       0
       0
       0
       0
       0
       0
       0
       0
       0
       0
       0
       0
       0
       0
       0
       0
       0
       0
       0
       0
       0
       0
       0
       0
       0
       0
       0
       0
       0
       0
       0
       0
       0
       0
       0
       0
       0
       0
       0
       0
       0
       0
       0
       0
       0
       0
       0
       0
       0
       0
       0
       0
       0
       0
       0
       0
       0
       0
       0
       0
       0
       0
       0
       0
       0
       0
       0
       0
       0
       0
       0
       0
       0
       0
       0
       0
       0
       0
       0
       0
       0
       0
       0
       0
       0
       0
       0
       0
       0
       0
       1
       0
       0
       0
       0
       0
       0
       0
       0
       0
       0
       0
       0
       0
       0
       0
       0
       0
       0
       0
       0
       0
       0
       0
       0
       0
       0
       0
       0
       0
       0
       0
       0
       0
       0
       0
       0
       0
       0
       0
       0
       0
       0
       0
       0
       0
       0
       0
       0
       0
       0
       0
       0
       0
       0
       0
       0
       0
       0
       0
       0
       0
       0
       0
       0
       0
       0
       0
       0
       0
       0
       0
       0
       0
       0
       0
       0
       0
       0
       0
       0
       0
       0
       0
       0
       0
       0
       0
       0
       0
       0
       0
       0
       0
       0
       0
       0
       0
       0
       0
       0
       0
       0
       0
       0
       0
       0
       0
       0
       0
       0
       0
       0
       0
       0
       0
       0
       0
       0
       0
       0
       0
       0
       0
       0
       0
       0
       0
       0
       0
       0
       0
       0
       0
       0
       0
       0
       0
       0
       0
       0
       0
       0
       0
       0
       0
       0
       0
       0
       0
       0
       0
       0
       0
       0
       0
       0
       0
       0
       0
       0
       0
       0
       0
       0
       0
       0
       0
       0
       0
       0
       0
       0
       0
       0
       0
       0
       0
       0
       0
       0
       0
       0
       0
       0
       0
       0
       0
       0
       0
       0
       0
       0
       0
       0
       0
       0
       0
       0
       0
       0
       0
       0
       0
       0
       0
       0
       0
       0
       0
       0
       0
       0
       0
       0
       0
       0
       0
       0
       0
       0
       0
       0
       0
       0
       0
       0
       0
       0
       0
       0
       0
       0
       0
       0
       0
       0
       0
       0
       0
       0
       0
       0
       0
       0
       0
       0
       0
       0
       0
       0
       0
       0
       0
       0
       0
       0
       0
       0
       0
       0
       0
       0
       0
       0
       0
       0
       0
       0
       0
       0
       0
       0
       0
       0
       0
       0
       0
       0
       0
       0
       0
       0
       0
       0
       0
       0
       0
       0
       0
       0
       0
       0
       0
       0
       0
       0
       0
       0
       0
       0
       0
       0
       0
       0
       0
       0
       0
       0
       0
       0
       0
       0
       0
       0
       0
       0
       0
       0
       0
       0
       0
       0
       0
       0
       0
       0
       0
       0
       0
       0
       0
       0
       0
       0
       0
       0
       0
       0
       0
       0
       0
       0
       0
       0
       0
       0
       0
       0
       0
       0
       0
       0
       0
       0
       0
       0
       0
       0
       0
       0
       0
       0
       0
       0
       0
       0
       0
       0
       0
       0
       0
       0
       0
       0
       0
       0
       0
       0
       0
       0
       0
       0
       0
       0
       0
       0
       0
       0
       0
       0
       0
       0
       0
       0
       0
       0
       0
       0
       0
       0
       0
       0
       0
       0
       0
       0
       0
       0
       0
       0
       0
       0
       0
       0
       0
       0
       0
       0
       0
       0
       0
       0
       0
       0
       0
       0
       0
       0
       0
       0
       0
       0
       0
       0
       0
       0
       0
       0
       0
       0
       0
       0
       0
       0
       0
       0
       0
       0
       0
       0
       0
       0
       0
       0
       0
       0
       0
       0
       0
       0
       0
       0
       0
       0
       0
       0
       0
       0
       0
       0
       0
       0
       0
       0
       0
       0
       0
       0
       0
       0
       0
       0
       0
       0
       0
       0
       0
       0
       0
       0
       0
       0
       0
       0
       0
       0
       0
       0
       0
       0
       0
       0
       0
       0
       0
       0
       0
       0
       0
       0
       0
       0
       0
       0
       0
       0
       0
       0
       0
       0
       0
       0
       0
       0
       0
       0
       0
       0
       0
       0
       0
       0
       0
       0
       0
       0
       0
       0
       0
       0
       0
       0
       0
       0
       0
       0
       0
       0
       0
       0
       0
       0
       0
       0
       0
       0
       0
       0
       0
       0
       0
       0
       0
       0
       0
       0
       0
       0
       0
       0
       0
       0
       0
       0
       0
       0
       0
       0
       0
       0
       0
       0
       0
       0
       0
       0
       0
       0
       0
       0
       0
       0
       0
       0
       0
       0
       0
       0
       0
       0
       0
       0
       0
       0
       0
       0
       0
       0
       0
       0
       0
       0
       0
       0
       0
       0
       0
       0
       0
       0
       0
       0
       0
       0
       0
       0
       0
       0
       0
       0
       0
       0
       0
       0
       0
       0
       0
       0
       0
       0
       0
       0
       0
       0
       0
       0
       0
       0
       0
       0
       0
       0
       0
       0
       0
       0
       0
       0
       0
       0
       0
       0
       0
       0
       0
       0
       0
       0
       0
       0
       0
       0
       0
       0
       0
       0
       0
       0
       0
       0
       0
       0
       0
       0
       0
       0
       0
       0
       0
       0
       0
       0
       0
       0
       0
       0
       0
       0
       0
       0
       0
       0
       0
       0
       0
       0
       0
       0
       0
       0
       0
       0
       0
       0
       0
       0
       0
       0
       0
       0
       0
       0
       0
       0
       0
       0
       0
       0
       0
       0
       0
       0
       0
       0
       0
       0
       0
       0
       0
       0
       0
       0
       0
       0
       0
       0
       0
       0
       0
       0
       0
       0
       0
       0
       0
       0
       0
       0
       0
       0
       0
       0
       0
       0
       0
       0
       0
       0
       0
       0
       0
       0
       0
       0
       0
       0
       0
       0
       0
       0
       0
       0
       0
       0
       0
       0
       0
       0
       0
       0
       0
       0
       0
       0
       0
       0
       0
       0
       0
       0
       0
       0
       0
       0
       0
       0
       0
       0
       0
       0
       0
       0
       0
       0
       0
       0
       0
       0
       0
       0
       0
       0
       0
       0
       0
       0
       0
       0
       0
       0
       0
       0
       0
       0
       0
       0
       0
       0
       0
       0
       0
       0
       0
       0
       0
       0
       0
       0
       0
       0
       0
       0
       0
       0
$ROI:
1
0 2047
$PRESETS:
None
0
0
$ENER_FIT:
0.000000 0.000000
$MCA_CAL:
3
0.000000E+000 0.000000E+000 0.000000E+000 
$SHAPE_CAL:
3
0.000000E+000 0.000000E+000 0.000000E+000
